Timestamp,R_A,R_B,Delta_H_km,GM,Error_Pct,Term_Time,Term_Kinetic,Term_Potential
1528676430,29920207.22760492,32440523.756137528,2520.317,3.90635e14,1.9983,2.04973e6,-1.03542e6,2.59659e-9
1528676460,29936111.205176137,32444852.81782186,2508.742,4.00222e14,0.4069,2.06373e6,-1.02998e6,2.58294e-9
1528676490,29951978.731634334,32449126.90111087,2497.148,4.03988e14,1.3516,2.06251e6,-1.02454e6,2.56931e-9
1528676520,29967809.653111495,32453345.982831944,2485.536,3.96148e14,0.6152,2.03154e6,-1.01911e6,2.55568e-9
1528676550,29983603.816642556,32457510.04013386,2473.906,3.94151e14,1.1162,2.01563e6,-1.01368e6,2.54205e-9
1528676580,29999361.070161417,32461619.0504858,2462.258,3.93555e14,1.2658,2.00333e6,-1.00825e6,2.52843e-9
1528676610,30015081.262496762,32465672.991676513,2450.592,3.98873e14,0.0685,2.00592e6,-1.00283e6,2.51482e-9
1528676640,30030764.24336799,32469671.841813415,2438.908,4.04573e14,1.4983,2.00932e6,-9.97402e5,2.50122e-9
1528676670,30046409.86338117,32473615.579321735,2427.206,4.09630e14,2.7670,2.01098e6,-9.91981e5,2.48762e-9
1528676700,30062017.97402486,32477504.182943676,2415.486,4.02355e14,0.9419,1.98200e6,-9.86563e5,2.47402e-9
1528676730,30077588.4276614,32481337.63175277,2403.749,3.94969e14,0.9109,1.95294e6,-9.81147e5,2.46044e-9
1528676760,30093121.077537533,32485115.905106235,2391.995,3.99366e14,0.1920,1.95293e6,-9.75734e5,2.44686e-9
1528676790,30108615.777765505,32488838.982691113,2380.223,3.93340e14,1.3198,1.92743e6,-9.70324e5,2.43328e-9
1528676820,30124072.38332381,32492506.844508484,2368.434,3.94322e14,1.0734,1.91906e6,-9.64916e5,2.41972e-9
1528676850,30139490.75005316,32496119.47087277,2356.629,4.00090e14,0.3738,1.92219e6,-9.59510e5,2.40616e-9
1528676880,30154870.734652363,32499676.842411112,2344.806,3.91794e14,1.7076,1.89151e6,-9.54108e5,2.39260e-9
1528676910,30170212.194674395,32503178.940062795,2332.967,3.93307e14,1.3280,1.88441e6,-9.48707e5,2.37905e-9
1528676940,30185514.98852228,32506625.745078623,2321.111,3.96933e14,0.4183,1.88226e6,-9.43310e5,2.36551e-9
1528676970,30200778.97544514,32510017.239020325,2309.238,3.98653e14,0.0131,1.87554e6,-9.37915e5,2.35198e-9
1528677000,30216004.015534155,32513353.403760027,2297.349,4.04716e14,1.5342,1.87893e6,-9.32522e5,2.33845e-9
1528677030,30231189.969724018,32516634.2214651,2285.444,4.02454e14,0.9667,1.86281e6,-9.27133e5,2.32493e-9
1528677060,30246336.6997723,32519859.67464246,2273.523,3.94060e14,1.1390,1.83258e6,-9.21746e5,2.31141e-9
1528677090,30261444.068272315,32523029.74609304,2261.586,3.94689e14,0.9813,1.82332e6,-9.16361e5,2.29791e-9
1528677120,30276511.9386438,32526144.418925688,2249.632,3.95141e14,0.8679,1.81364e6,-9.10979e5,2.28441e-9
1528677150,30291540.17512901,32529203.676556554,2237.664,3.90328e14,2.0754,1.79200e6,-9.05600e5,2.27091e-9
1528677180,30306528.64278884,32532207.50270838,2225.679,3.91483e14,1.7857,1.78396e6,-9.00223e5,2.25742e-9
1528677210,30321477.207499076,32535155.88141,2213.679,3.95635e14,0.7440,1.78263e6,-8.94849e5,2.24394e-9
1528677240,30336385.73594643,32538048.796995606,2201.663,4.01415e14,0.7062,1.78482e6,-8.89478e5,2.23047e-9
1528677270,30351254.095624853,32540886.234104205,2189.632,4.04421e14,1.4603,1.78071e6,-8.84109e5,2.21700e-9
1528677300,30366082.15483161,32543668.17767903,2177.586,3.98118e14,0.1211,1.75601e6,-8.78743e5,2.20354e-9
1528677330,30380869.782659803,32546394.612983983,2165.525,3.83495e14,3.7895,1.71327e6,-8.73379e5,2.19008e-9
1528677360,30395616.849006303,32549065.52555056,2153.449,3.86323e14,3.0802,1.70890e6,-8.68019e5,2.17663e-9
1528677390,30410323.224556047,32551680.901229996,2141.358,3.91519e14,1.7766,1.70959e6,-8.62660e5,2.16319e-9
1528677420,30424988.780782208,32554240.72617578,2129.252,3.91590e14,1.7588,1.69913e6,-8.57305e5,2.14976e-9
1528677450,30439613.389942348,32556744.98684332,2117.132,3.92930e14,1.4225,1.69138e6,-8.51952e5,2.13633e-9
1528677480,30454196.925074708,32559193.66998947,2104.997,3.94351e14,1.0662,1.68377e6,-8.46602e5,2.12291e-9
1528677510,30468739.259994477,32561586.7626722,2092.848,3.90684e14,1.9859,1.66540e6,-8.41254e5,2.10949e-9
1528677540,30483240.26929005,32563924.252250228,2080.684,3.88136e14,2.6252,1.64947e6,-8.35909e5,2.09608e-9
1528677570,30497699.828319307,32566206.126382586,2068.506,3.89770e14,2.2155,1.64233e6,-8.30567e5,2.08268e-9
1528677600,30512117.813205943,32568432.373028267,2056.315,3.93175e14,1.3610,1.63882e6,-8.25227e5,2.06929e-9
1528677630,30526494.100840364,32570602.980420467,2044.109,3.96596e14,0.5028,1.63525e6,-8.19890e5,2.05590e-9
1528677660,30540828.5688619,32572717.937144555,2031.889,3.91343e14,1.8207,1.61388e6,-8.14556e5,2.04251e-9
1528677690,30555121.095669355,32574777.23205913,2019.656,3.96222e14,0.5967,1.61321e6,-8.09224e5,2.02914e-9
1528677720,30569371.560412843,32576780.854320776,2007.409,3.98937e14,0.0843,1.60806e6,-8.03895e5,2.01577e-9
1528687050,32576402.216848195,30566433.35774353,2009.969,3.97458e14,0.2867,-1.60696e6,8.04670e5,-2.01856e-9
1528687080,32574387.920055658,30552172.738003504,2022.215,3.98084e14,0.1297,-1.61888e6,8.10003e5,-2.03193e-9
1528687110,32572317.949918464,30537870.069281783,2034.448,3.98526e14,0.0186,-1.63045e6,8.15338e5,-2.04531e-9
1528687140,32570192.31726641,30523525.472607445,2046.667,3.89445e14,2.2969,-1.62243e6,8.20677e5,-2.05870e-9
1528687170,32568011.033227064,30509139.069762398,2058.872,3.98669e14,0.0172,-1.65209e6,8.26017e5,-2.07209e-9
1528687200,32565774.10922636,30494710.983285204,2071.063,4.10814e14,3.0640,-1.68811e6,8.31361e5,-2.08549e-9
1528687230,32563481.556993604,30480241.33644762,2083.240,4.08951e14,2.5968,-1.69505e6,8.36707e5,-2.09889e-9
1528687260,32561133.388547402,30465730.253342304,2095.403,4.00822e14,0.5574,-1.68871e6,8.42056e5,-2.11230e-9
1528687290,32558729.616210695,30451177.858802486,2107.552,4.01632e14,0.7607,-1.70117e6,8.47407e5,-2.12572e-9
1528687320,32556270.252606563,30436584.27843275,2119.686,3.96375e14,0.5583,-1.70067e6,8.52762e5,-2.13915e-9
1528687350,32553755.310658716,30421949.638612654,2131.806,3.92018e14,1.6513,-1.70197e6,8.58118e5,-2.15258e-9
1528687380,32551184.80359209,30407274.066500332,2143.911,4.04084e14,1.3757,-1.73873e6,8.63478e5,-2.16602e-9
1528687410,32548558.744933344,30392557.690036118,2156.001,4.03596e14,1.2534,-1.74846e6,8.68840e5,-2.17947e-9
1528687440,32545877.148511425,30377800.637946177,2168.077,3.88640e14,2.4988,-1.72646e6,8.74205e5,-2.19292e-9
1528687470,32543140.028458107,30363003.039746106,2180.137,3.92835e14,1.4463,-1.74632e6,8.79572e5,-2.20638e-9
1528687500,32540347.39920853,30348165.02574465,2192.182,4.04193e14,1.4030,-1.78219e6,8.84943e5,-2.21984e-9
1528687530,32537499.27549295,30333286.727069657,2204.213,3.99624e14,0.2567,-1.78280e6,8.90315e5,-2.23331e-9
1528687560,32534595.672364555,30318368.27560292,2216.227,3.93763e14,1.2135,-1.78040e6,8.95691e5,-2.24679e-9
1528687590,32531636.605172765,30303409.804053057,2228.227,3.86382e14,3.0652,-1.77440e6,9.01069e5,-2.26028e-9
1528687620,32528622.08957253,30288411.44593699,2240.211,3.89537e14,2.2737,-1.79217e6,9.06450e5,-2.27377e-9
1528687650,32525552.14152482,30273373.335583914,2252.179,3.85399e14,3.3120,-1.79334e6,9.11833e5,-2.28727e-9
1528687680,32522426.777297173,30258295.608139187,2264.131,3.87012e14,2.9073,-1.80765e6,9.17219e5,-2.30078e-9
1528687710,32519246.013464198,30243178.399568394,2276.068,4.00988e14,0.5990,-1.85061e6,9.22608e5,-2.31429e-9
1528687740,32516009.866908,30228021.846661177,2287.988,3.94377e14,1.0595,-1.84603e6,9.27999e5,-2.32781e-9
1528687770,32512718.35481884,30212826.087035358,2299.892,3.86993e14,2.9122,-1.83947e6,9.33393e5,-2.34133e-9
1528687800,32509371.49469556,30197591.259140864,2311.780,3.85539e14,3.2769,-1.84668e6,9.38790e5,-2.35486e-9
1528687830,32505969.304348487,30182317.502247933,2323.652,3.94132e14,1.1211,-1.87765e6,9.44189e5,-2.36840e-9
1528687860,32502511.801892895,30167004.956500076,2335.507,3.96446e14,0.5406,-1.89390e6,9.49591e5,-2.38195e-9
1528687890,32498999.00575658,30151653.76286883,2347.345,3.93412e14,1.3016,-1.89741e6,9.54996e5,-2.39550e-9
1528687920,32495430.934678264,30136264.06317365,2359.167,3.96568e14,0.5098,-1.91576e6,9.60403e5,-2.40906e-9
1528687950,32491807.607708115,30120836.00008588,2370.972,4.03721e14,1.2846,-1.94387e6,9.65813e5,-2.42262e-9
1528687980,32488129.04420849,30105369.717132587,2382.759,4.00267e14,0.4181,-1.94635e6,9.71225e5,-2.43619e-9
1528688010,32484395.263854552,30089865.35870062,2394.530,3.98459e14,0.0354,-1.95277e6,9.76640e5,-2.44977e-9
1528688040,32480606.28663497,30074323.070040476,2406.283,4.09898e14,2.8343,-1.99178e6,9.82057e5,-2.46335e-9
1528688070,32476762.132852614,30058742.997270305,2418.019,4.03528e14,1.2361,-1.98699e6,9.87477e5,-2.47694e-9
1528688100,32472862.823125325,30043125.287379898,2429.738,3.90858e14,1.9424,-1.96635e6,9.92900e5,-2.49054e-9
1528688130,32468908.37839753,30027470.08824441,2441.438,3.92969e14,1.4127,-1.98238e6,9.98325e5,-2.50414e-9
1528688160,32464898.81990738,30011777.548598148,2453.121,3.95861e14,0.6873,-2.00043e6,1.00375e6,-2.51775e-9
1528688190,32460834.169221323,29996047.818069134,2464.786,3.96308e14,0.5752,-2.01238e6,1.00918e6,-2.53137e-9
1528688220,32456714.448224094,29980281.047173295,2476.433,3.95737e14,0.7185,-2.02176e6,1.01462e6,-2.54499e-9
1528688250,32452539.679119572,29964477.387318566,2488.062,3.99463e14,0.2164,-2.04213e6,1.02005e6,-2.55862e-9
1528688280,32448309.884431716,29948636.990808986,2499.673,4.03121e14,1.1341,-2.06242e6,1.02549e6,-2.57226e-9
1528688310,32444025.087005526,29932760.010848936,2511.265,3.98323e14,0.0695,-2.06095e6,1.03093e6,-2.58590e-9
1528688340,32439685.31000791,29916846.60154721,2522.839,3.97714e14,0.2224,-2.07025e6,1.03637e6,-2.59954e-9
1528688370,32435290.57692871,29900896.917921208,2534.394,4.00166e14,0.3928,-2.08753e6,1.04182e6,-2.61320e-9
1528688400,32430840.91158152,29884911.115901064,2545.930,3.93959e14,1.1645,-2.08214e6,1.04726e6,-2.62686e-9
1528688430,32426336.33808748,29868889.352328204,2557.447,3.92882e14,1.4347,-2.09013e6,1.05271e6,-2.64052e-9
1528688460,32421776.880929414,29852831.784977138,2568.945,4.07646e14,2.2693,-2.14014e6,1.05817e6,-2.65419e-9
1528688490,32417162.5648994,29836738.572541755,2580.424,4.03877e14,1.3237,-2.14111e6,1.06362e6,-2.66787e-9
1528688520,32412493.415116783,29820609.874645308,2591.884,3.94013e14,1.1510,-2.12564e6,1.06908e6,-2.68155e-9
1528688550,32407769.45702909,29804445.851844616,2603.324,3.96242e14,0.5918,-2.14251e6,1.07454e6,-2.69524e-9
1528688580,32402990.716412697,29788246.665634166,2614.744,4.04293e14,1.4281,-2.17520e6,1.08000e6,-2.70894e-9
1528688610,32398157.219373774,29772012.47845034,2626.145,4.07053e14,2.1206,-2.19372e6,1.08546e6,-2.72264e-9
1528688640,32393268.992349047,29755743.45367557,2637.526,3.97748e14,0.2139,-2.17931e6,1.09093e6,-2.73635e-9
1528688670,32388326.06210661,29739439.755642597,2648.886,3.93813e14,1.2010,-2.17941e6,1.09640e6,-2.75006e-9
1528688700,32383328.455746766,29723101.54963857,2660.227,3.96026e14,0.6458,-2.19640e6,1.10187e6,-2.76378e-9
1528688730,32378276.20071397,29706729.001913436,2671.547,3.97710e14,0.2233,-2.21199e6,1.10734e6,-2.77750e-9
1528688760,32373169.32476353,29690322.27967155,2682.847,4.01283e14,0.6731,-2.23289e6,1.11282e6,-2.79123e-9
1528688790,32368007.855996687,29673881.55108863,2694.126,4.02327e14,0.9350,-2.24681e6,1.11830e6,-2.80497e-9
1528688820,32362791.822850566,29657406.985311896,2705.385,3.95628e14,0.7456,-2.23894e6,1.12378e6,-2.81871e-9
1528688850,32357521.254099138,29640898.752464317,2716.623,4.03781e14,1.2997,-2.27295e6,1.12926e6,-2.83245e-9
1528688880,32352196.17885425,29624357.023648966,2727.839,4.02856e14,1.0675,-2.28135e6,1.13474e6,-2.84620e-9
1528688910,32346816.626566753,29607781.970953364,2739.035,3.94324e14,1.0729,-2.26798e6,1.14023e6,-2.85996e-9
1528688940,32341382.6270274,29591173.76745372,2750.209,3.96189e14,0.6049,-2.28426e6,1.14572e6,-2.87372e-9
1528688970,32335894.21036809,29574532.587219313,2761.362,4.02451e14,0.9661,-2.31328e6,1.15121e6,-2.88749e-9
1528689000,32330351.40706289,29557858.605316743,2772.493,4.06470e14,1.9742,-2.33598e6,1.15670e6,-2.90126e-9
1528689030,32324754.247928713,29541151.99780965,2783.602,3.95056e14,0.8892,-2.31380e6,1.16220e6,-2.91504e-9
1528689060,32319102.764127836,29524412.941777475,2794.690,4.00146e14,0.3876,-2.33965e6,1.16769e6,-2.92882e-9
1528689090,32313396.987167757,29507641.615305386,2805.755,3.94578e14,1.0090,-2.33428e6,1.17319e6,-2.94261e-9
1528689120,32307636.948902704,29490838.197493184,2816.799,3.87246e14,2.8487,-2.32355e6,1.17869e6,-2.95640e-9
1528689150,32301822.681534894,29474002.86845961,2827.820,3.98060e14,0.1355,-2.36651e6,1.18420e6,-2.97020e-9
1528689180,32295954.217615638,29457135.809346706,2838.818,3.97932e14,0.1678,-2.37713e6,1.18970e6,-2.98400e-9
1528689210,32290031.590046607,29440237.20232411,2849.794,3.92423e14,1.5498,-2.37161e6,1.19521e6,-2.99781e-9
1528689240,32284054.832081005,29423307.23059334,2860.748,3.97555e14,0.2624,-2.39800e6,1.20071e6,-3.01162e-9
1528689270,32278023.977324814,29406346.078392167,2871.678,4.09684e14,2.7807,-2.44570e6,1.20622e6,-3.02543e-9
1528689300,32271939.059737924,29389353.930998884,2882.585,4.00496e14,0.4755,-2.42894e6,1.21174e6,-3.03925e-9
1528689330,32265800.113630947,29372330.9747448,2893.469,3.95526e14,0.7712,-2.42482e6,1.21725e6,-3.05308e-9
1528689360,32259607.17368039,29355277.396993548,2904.330,3.94900e14,0.9284,-2.43389e6,1.22276e6,-3.06691e-9
1528689390,32253360.274915818,29338193.38617038,2915.167,3.97187e14,0.3547,-2.45191e6,1.22828e6,-3.08074e-9
1528689420,32247059.45272564,29321079.13175851,2925.980,4.01026e14,0.6086,-2.47481e6,1.23380e6,-3.09458e-9
1528689450,32240704.742858376,29303934.82430352,2936.770,3.98196e14,0.1014,-2.47708e6,1.23932e6,-3.10842e-9
1528689480,32234296.181423772,29286760.65541771,2947.536,3.98423e14,0.0445,-2.48882e6,1.24484e6,-3.12226e-9
1528689510,32227833.80489419,29269556.8177846,2958.277,3.89597e14,2.2589,-2.47218e6,1.25036e6,-3.13611e-9
1528689540,32221317.65010577,29252323.505163223,2968.994,3.84448e14,3.5506,-2.46689e6,1.25589e6,-3.14996e-9
1528689570,32214747.75425972,29235060.91239259,2979.687,3.96294e14,0.5787,-2.51522e6,1.26141e6,-3.16382e-9
1528689600,32208124.154923584,29217769.235396028,2990.355,3.97764e14,0.2098,-2.53091e6,1.26694e6,-3.17768e-9
1528689630,32201446.890036073,29200448.671171933,3000.998,3.97519e14,0.2713,-2.54117e6,1.27247e6,-3.19154e-9
1528689660,32194715.99789747,29183099.41784018,3011.617,3.98393e14,0.0521,-2.55501e6,1.27800e6,-3.20541e-9
1528689690,32187931.517181844,29165721.6746045,3022.210,3.95490e14,0.7804,-2.55673e6,1.28353e6,-3.21928e-9
1528689720,32181093.48693499,29148315.6417703,3032.778,3.94072e14,1.1362,-2.56316e6,1.28907e6,-3.23315e-9
1528689750,32174201.946575634,29130881.52074889,3043.320,3.97043e14,0.3908,-2.58381e6,1.29460e6,-3.24703e-9
1528689780,32167256.935896914,29113419.514061753,3053.837,4.03039e14,1.1134,-2.61441e6,1.30014e6,-3.26091e-9
1528689810,32160258.495067798,29095929.825344823,3064.329,4.03797e14,1.3038,-2.62802e6,1.30567e6,-3.27479e-9
1528689840,32153206.66463443,29078412.65935265,3074.794,4.02345e14,0.9395,-2.63439e6,1.31121e6,-3.28868e-9
1528689870,32146101.48552157,29060868.221962754,3085.233,3.97145e14,0.3651,-2.62834e6,1.31675e6,-3.30256e-9
1528689900,32138942.99903406,29043296.720179755,3095.646,3.95615e14,0.7489,-2.63433e6,1.32229e6,-3.31645e-9
1528689930,32131731.246856064,29025698.362157848,3106.033,3.93598e14,1.2549,-2.63865e6,1.32783e6,-3.33035e-9
1528689960,32124466.27105933,29008073.35714916,3116.393,3.97126e14,0.3700,-2.66145e6,1.33337e6,-3.34424e-9
1528689990,32117148.11409784,28990421.91556388,3126.726,3.96329e14,0.5699,-2.66984e6,1.33891e6,-3.35814e-9
1528690020,32109776.818811517,28972744.2489565,3137.033,3.98492e14,0.0272,-2.68818e6,1.34445e6,-3.37204e-9
1528690050,32102352.42842762,28955040.57003036,3147.312,4.01191e14,0.6499,-2.70840e6,1.35000e6,-3.38594e-9
1528690080,32094874.98656239,28937311.092641912,3157.564,3.99224e14,0.1563,-2.71284e6,1.35554e6,-3.39984e-9
1528690110,32087344.537222486,28919556.031805154,3167.789,3.86035e14,3.1523,-2.67891e6,1.36109e6,-3.41374e-9
1528690140,32079761.124806505,28901775.603696007,3177.986,3.87235e14,2.8512,-2.69394e6,1.36663e6,-3.42765e-9
1528690170,32072124.79410659,28883970.025656674,3188.155,3.98288e14,0.0785,-2.74291e6,1.37218e6,-3.44156e-9
1528690200,32064435.59030993,28866139.5162,3198.296,3.87937e14,2.6753,-2.71823e6,1.37773e6,-3.45546e-9
1528690230,32056693.55900294,28848284.29499691,3208.409,3.94572e14,1.0106,-2.75219e6,1.38327e6,-3.46937e-9
1528690260,32048898.7461649,28830404.582932677,3218.494,4.01512e14,0.7304,-2.78740e6,1.38882e6,-3.48328e-9
1528690290,32041051.198177572,28812500.602059353,3228.551,3.93700e14,1.2294,-2.77122e6,1.39437e6,-3.49720e-9
1528690320,32033150.961824205,28794572.575616594,3238.578,4.01765e14,0.7940,-2.81056e6,1.39992e6,-3.51111e-9
1528690350,32025198.08429125,28776620.72803594,3248.577,4.01753e14,0.7908,-2.82165e6,1.40547e6,-3.52502e-9
1528690380,32017192.613169935,28758645.284944713,3258.547,3.97249e14,0.3391,-2.81685e6,1.41102e6,-3.53893e-9
1528690410,32009134.59645807,28740646.47317031,3268.488,4.03722e14,1.2849,-2.85093e6,1.41656e6,-3.55285e-9
1528690440,32001024.082561597,28722624.520744093,3278.400,4.01585e14,0.7488,-2.85447e6,1.42211e6,-3.56676e-9
1528690470,31992861.120296344,28704579.656905532,3288.281,4.02803e14,1.0543,-2.86997e6,1.42766e6,-3.58067e-9
1528690500,31984645.75888978,28686512.112106167,3298.134,4.04858e14,1.5698,-2.88851e6,1.43321e6,-3.59459e-9
1528690530,31976378.047981642,28668422.11802026,3307.956,4.03629e14,1.2616,-2.89525e6,1.43876e6,-3.60850e-9
1528690560,31968058.03762894,28650309.90752849,3317.748,4.01720e14,0.7826,-2.89950e6,1.44431e6,-3.62241e-9
1528690590,31959685.778304383,28632175.71474211,3327.510,3.97490e14,0.2787,-2.89526e6,1.44986e6,-3.63632e-9
1528690620,31951261.320899207,28614019.77500045,3337.242,4.01638e14,0.7620,-2.92148e6,1.45540e6,-3.65023e-9
1528690650,31942784.71672488,28595842.324874915,3346.942,4.00702e14,0.5273,-2.92918e6,1.46095e6,-3.66414e-9
1528690680,31934256.01751496,28577643.602173023,3356.612,3.91254e14,1.8431,-2.90555e6,1.46650e6,-3.67805e-9
1528690710,31925675.275426835,28559423.845942363,3366.251,3.89979e14,2.1630,-2.91183e6,1.47204e6,-3.69196e-9
1528690740,31917042.54304356,28541183.2964746,3375.859,3.90743e14,1.9714,-2.92563e6,1.47759e6,-3.70587e-9
1528690770,31908357.87337557,28522922.19530941,3385.436,3.95108e14,0.8761,-2.95285e6,1.48313e6,-3.71977e-9
1528690800,31899621.319862574,28504640.78523848,3394.981,3.97753e14,0.2126,-2.97376e6,1.48868e6,-3.73367e-9
1528690830,31890832.936370686,28486339.310320254,3404.494,3.99399e14,0.2002,-2.99100e6,1.49422e6,-3.74757e-9
1528690860,31881992.777208623,28468018.015850432,3413.975,4.02812e14,1.0566,-3.01493e6,1.49977e6,-3.76147e-9
1528690890,31873100.897115327,28449677.148399573,3423.424,4.04010e14,1.3572,-3.03059e6,1.50531e6,-3.77537e-9
1528690920,31864157.351266302,28431316.955806088,3432.840,4.02053e14,0.8662,-3.03433e6,1.51085e6,-3.78926e-9
1528690950,31855162.195275486,28412937.687180158,3442.225,3.97770e14,0.2082,-3.02917e6,1.51639e6,-3.80315e-9
1528690980,31846115.485197153,28394539.592907734,3451.576,3.91844e14,1.6951,-3.01761e6,1.52192e6,-3.81703e-9
1528691010,31837017.27752782,28376122.924654428,3460.894,3.93080e14,1.3849,-3.03332e6,1.52746e6,-3.83092e-9
1528691040,31827867.629208054,28357687.93536924,3470.180,3.97222e14,0.3459,-3.06023e6,1.53300e6,-3.84480e-9
1528691070,31818666.597624447,28339234.879288446,3479.432,4.01357e14,0.6915,-3.08724e6,1.53853e6,-3.85868e-9
1528691100,31809414.24061156,28320764.011939324,3488.650,4.01072e14,0.6200,-3.09723e6,1.54406e6,-3.87255e-9
1528691130,31800110.616464563,28302275.59011496,3497.835,3.97247e14,0.3395,-3.09346e6,1.54959e6,-3.88642e-9
1528691160,31790755.783908263,28283769.871967066,3506.986,3.97175e14,0.3576,-3.10422e6,1.55512e6,-3.90028e-9
1528691190,31781349.80213205,28265247.116920177,3516.103,3.95431e14,0.7951,-3.10842e6,1.56065e6,-3.91414e-9
1528691220,31771892.73078137,28246707.58570393,3525.185,3.98775e14,0.0438,-3.13256e6,1.56618e6,-3.92800e-9
1528691250,31762384.6299598,28228151.540356416,3534.233,4.02016e14,0.8569,-3.15638e6,1.57170e6,-3.94185e-9
1528691280,31752825.560231205,28209579.244227387,3543.246,4.02322e14,0.9337,-3.16868e6,1.57722e6,-3.95569e-9
1528691310,31743215.58262192,28190990.9619816,3552.225,3.98154e14,0.1120,-3.16322e6,1.58274e6,-3.96953e-9
1528691340,31733554.75862287,28172386.95960191,3561.168,3.96738e14,0.4673,-3.16861e6,1.58826e6,-3.98336e-9
1528691370,31723843.15019176,28153767.504392564,3570.076,4.01137e14,0.6362,-3.19719e6,1.59377e6,-3.99719e-9
1528691400,31714080.819755267,28135132.864982292,3578.948,4.00612e14,0.5047,-3.20615e6,1.59928e6,-4.01101e-9
1528691430,31704267.830200553,28116483.311369173,3587.785,3.99362e14,0.1909,-3.21216e6,1.60479e6,-4.02483e-9
1528691460,31694404.244910434,28097819.11479518,3596.585,4.05797e14,1.8055,-3.24917e6,1.61030e6,-4.03864e-9
1528691490,31684490.127732597,28079140.54787814,3605.350,4.01049e14,0.6143,-3.24103e6,1.61580e6,-4.05244e-9
1528691520,31674525.542992435,28060447.88457346,3614.078,3.95695e14,0.7289,-3.23030e6,1.62131e6,-4.06624e-9
1528691550,31664510.555495165,28041741.400177404,3622.769,3.96674e14,0.4834,-3.24524e6,1.62680e6,-4.08003e-9
1528691580,31654445.23052801,28023021.37133044,3631.424,3.93186e14,1.3584,-3.24193e6,1.63230e6,-4.09381e-9
1528691610,31644329.633862372,28004288.07602058,3640.042,3.99578e14,0.2453,-3.27909e6,1.63779e6,-4.10758e-9
1528691640,31634163.831755996,27985541.79358649,3648.622,4.05840e14,1.8163,-3.31589e6,1.64328e6,-4.12134e-9
1528691670,31623947.890955184,27966782.804720752,3657.165,3.99980e14,0.3460,-3.30272e6,1.64877e6,-4.13510e-9
1528691700,31613681.878696915,27948011.39147293,3665.670,3.93249e14,1.3426,-3.28578e6,1.65425e6,-4.14885e-9
1528691730,31603365.862716887,27929227.8372046,3674.138,3.93900e14,1.1793,-3.29937e6,1.65973e6,-4.16259e-9
1528691760,31592999.911234044,27910432.426740475,3682.567,4.00579e14,0.4965,-3.33815e6,1.66520e6,-4.17632e-9
1528691790,31582584.09297045,27891625.44622277,3690.959,4.02850e14,1.0661,-3.35863e6,1.67067e6,-4.19004e-9
1528691820,31572118.47714794,27872807.183161855,3699.311,3.93457e14,1.2903,-3.33014e6,1.67614e6,-4.20375e-9
1528691850,31561603.133490376,27853977.926438548,3707.625,3.89670e14,2.2404,-3.32502e6,1.68161e6,-4.21745e-9
1528691880,31551038.132225964,27835137.966306563,3715.900,3.94078e14,1.1346,-3.35446e6,1.68706e6,-4.23114e-9
1528691910,31540423.54408967,27816287.594394784,3724.136,3.98853e14,0.0634,-3.38558e6,1.69252e6,-4.24482e-9
1528691940,31529759.440325513,27797427.103709504,3732.332,4.00470e14,0.4690,-3.40337e6,1.69797e6,-4.25848e-9
1528691970,31519045.892688952,27778556.788636625,3740.489,4.00626e14,0.5081,-3.41495e6,1.70342e6,-4.27214e-9
1528692000,31508282.97344932,27759676.94494383,3748.606,4.00224e14,0.4074,-3.42413e6,1.70886e6,-4.28579e-9
1528692030,31497470.755388062,27740787.869831223,3756.683,3.96372e14,0.5590,-3.41847e6,1.71429e6,-4.29942e-9
1528692060,31486609.31181395,27721889.86178366,3764.719,3.93274e14,1.3362,-3.41594e6,1.71973e6,-4.31304e-9
1528692090,31475698.71655271,27702983.220722888,3772.715,3.99457e14,0.2148,-3.45346e6,1.72515e6,-4.32665e-9
1528692120,31464739.04395361,27684068.247961316,3780.671,4.01500e14,0.7275,-3.47319e6,1.73058e6,-4.34025e-9
1528692150,31453730.36889196,27665145.246204324,3788.585,3.99716e14,0.2798,-3.47629e6,1.73599e6,-4.35383e-9
1528692180,31442672.766771495,27646214.51955246,3796.458,3.98810e14,0.0526,-3.48317e6,1.74140e6,-4.36741e-9
1528692210,31431566.31352699,27627276.373503696,3804.290,4.02150e14,0.8905,-3.50861e6,1.74681e6,-4.38096e-9
1528692240,31420411.085626718,27608331.114955533,3812.080,4.06014e14,1.8600,-3.53644e6,1.75221e6,-4.39451e-9
1528692270,31409207.160074994,27589379.052206997,3819.828,4.00323e14,0.4321,-3.52224e6,1.75761e6,-4.40803e-9
1528692300,31397954.614414737,27570420.49496069,3827.534,3.96398e14,0.5526,-3.51569e6,1.76299e6,-4.42155e-9
1528692330,31386653.526739944,27551455.754282873,3835.198,4.00167e14,0.3931,-3.54314e6,1.76838e6,-4.43505e-9
1528692360,31375303.97566783,27532485.142734013,3842.819,4.02456e14,0.9672,-3.56409e6,1.77375e6,-4.44853e-9
1528692390,31363906.04037207,27513508.97424149,3850.397,3.98637e14,0.0092,-3.55784e6,1.77912e6,-4.46200e-9
1528692420,31352459.80057551,27494527.56414262,3857.932,3.97416e14,0.2973,-3.56310e6,1.78449e6,-4.47545e-9
1528692450,31340965.336553004,27475541.229185864,3865.424,4.00639e14,0.5115,-3.58827e6,1.78985e6,-4.48889e-9
1528692480,31329422.72913407,27456550.287531957,3872.872,4.03864e14,1.3204,-3.61351e6,1.79520e6,-4.50230e-9
1528692510,31317832.059705697,27437555.05875491,3880.277,4.02674e14,1.0220,-3.61890e6,1.80054e6,-4.51571e-9
1528692540,31306193.410215095,27418555.863843,3887.638,3.96276e14,0.5832,-3.60064e6,1.80588e6,-4.52909e-9
1528692570,31294506.86317242,27399553.025199503,3894.954,3.95478e14,0.7834,-3.60765e6,1.81121e6,-4.54246e-9
1528692600,31282772.501653634,27380546.86664358,3902.226,3.99765e14,0.2921,-3.63778e6,1.81653e6,-4.55580e-9
1528692630,31270990.40928634,27361537.713436086,3909.453,3.98610e14,0.0025,-3.64315e6,1.82184e6,-4.56913e-9
1528692660,31259160.67030464,27342525.892202646,3916.635,3.98162e14,0.1099,-3.65171e6,1.82715e6,-4.58244e-9
1528692690,31247283.369499724,27323511.731011834,3923.772,3.98496e14,0.0262,-3.66383e6,1.83245e6,-4.59573e-9
1528692720,31235358.592239417,27304495.559350748,3930.863,3.98864e14,0.0660,-3.67611e6,1.83774e6,-4.60901e-9
1528692750,31223386.424470864,27285477.708125602,3937.909,3.98425e14,0.0440,-3.68465e6,1.84303e6,-4.62226e-9
1528692780,31211366.952723227,27266458.50966219,3944.908,4.01046e14,0.6137,-3.70735e6,1.84830e6,-4.63549e-9
1528692810,31199300.264110424,27247438.297706354,3951.862,4.00782e14,0.5473,-3.71668e6,1.85357e6,-4.64870e-9
1528692840,31187186.4463338,27228417.40742436,3958.769,3.97884e14,0.1798,-3.71372e6,1.85883e6,-4.66189e-9
1528692870,31175025.58768488,27209396.17540311,3965.629,3.97943e14,0.1649,-3.72448e6,1.86408e6,-4.67505e-9
1528692900,31162817.777048174,27190374.93965043,3972.443,4.00520e14,0.4816,-3.74704e6,1.86932e6,-4.68820e-9
1528692930,31150563.10392342,27171354.03959393,3979.209,3.99329e14,0.1829,-3.75192e6,1.87455e6,-4.70132e-9
1528692960,31138261.658368222,27152333.816084515,3985.928,3.96589e14,0.5047,-3.74946e6,1.87977e6,-4.71442e-9
1528692990,31125913.531061277,27133314.611392923,3992.599,3.96309e14,0.5748,-3.75854e6,1.88499e6,-4.72749e-9
1528693020,31113518.813285775,27114296.76921053,3999.222,3.95788e14,0.7056,-3.76644e6,1.89019e6,-4.74054e-9
1528693050,31101077.596932486,27095280.634649098,4005.797,3.97510e14,0.2736,-3.78497e6,1.89538e6,-4.75357e-9
1528693080,31088589.97450272,27076266.554240294,4012.323,3.95917e14,0.6733,-3.78773e6,1.90057e6,-4.76657e-9
1528693110,31076056.039111532,27057254.87593519,4018.801,3.96416e14,0.5480,-3.80043e6,1.90574e6,-4.77955e-9
1528693140,31063475.88449065,27038245.949103504,4025.230,4.02951e14,1.0915,-3.84205e6,1.91091e6,-4.79250e-9
1528693170,31050849.60499168,27019240.124532916,4031.609,4.02441e14,0.9635,-3.84996e6,1.91606e6,-4.80543e-9
1528693200,31038177.295589145,27000237.754428018,4037.940,3.97584e14,0.2549,-3.83689e6,1.92120e6,-4.81832e-9
1528693230,31025459.051863704,26981239.192387,4044.220,3.99178e14,0.1448,-3.85484e6,1.92633e6,-4.83120e-9
1528693260,31012694.97006675,26962244.793469362,4050.450,3.99068e14,0.1173,-3.86456e6,1.93146e6,-4.84404e-9
1528693290,30999885.147061933,26943254.914125524,4056.630,4.00569e14,0.4939,-3.88207e6,1.93657e6,-4.85686e-9
1528693320,30987029.68034812,26924269.91221747,4062.760,4.04360e14,1.4449,-3.91075e6,1.94166e6,-4.86964e-9
1528693350,30974128.668062344,26905290.147017192,4068.839,4.02339e14,0.9378,-3.91113e6,1.94675e6,-4.88240e-9
1528693380,30961182.20898289,26886315.979204662,4074.866,3.98042e14,0.1401,-3.90029e6,1.95183e6,-4.89513e-9
1528693410,30948190.4025323,26867347.770866074,4080.843,3.99744e14,0.2868,-3.91876e6,1.95689e6,-4.90783e-9
1528693440,30935153.348780453,26848385.885491535,4086.767,4.03403e14,1.2049,-3.94689e6,1.96194e6,-4.92050e-9
1528693470,30922071.148447566,26829430.68797301,4092.640,4.00540e14,0.4865,-3.94290e6,1.96698e6,-4.93314e-9
1528693500,30908943.90290735,26810482.544602033,4098.461,3.96646e14,0.4903,-3.93372e6,1.97201e6,-4.94575e-9
1528693530,30895771.71421257,26791541.823103722,4104.230,3.96506e14,0.5254,-3.94303e6,1.97702e6,-4.95832e-9
1528693560,30882554.685029,26772608.89252174,4109.946,3.99377e14,0.1949,-3.96727e6,1.98202e6,-4.97087e-9
1528693590,30869292.918707848,26753684.12332848,4115.609,3.96658e14,0.4872,-3.96371e6,1.98701e6,-4.98338e-9
1528693620,30855986.519266654,26734767.887386065,4121.219,3.97152e14,0.3633,-3.97610e6,1.99198e6,-4.99585e-9
1528693650,30842635.59139279,26715860.557943746,4126.775,4.02614e14,1.0070,-4.01335e6,1.99694e6,-5.00830e-9
1528693680,30829240.240446694,26696962.509635158,4132.278,4.01462e14,0.7179,-4.01751e6,2.00189e6,-5.02071e-9
1528693710,30815800.57246541,26678074.118475582,4137.726,3.95053e14,0.8899,-3.99516e6,2.00682e6,-5.03308e-9
1528693740,30802316.694165953,26659195.76185881,4143.121,3.94902e14,0.9278,-4.00419e6,2.01174e6,-5.04542e-9
1528693770,30788788.71294874,26640327.81855412,4148.461,3.99555e14,0.2396,-4.03748e6,2.01664e6,-5.05772e-9
1528693800,30775216.736901067,26621470.668702956,4153.746,4.04106e14,1.3812,-4.07035e6,2.02153e6,-5.06999e-9
1528693830,30761600.87477399,26602624.693778668,4158.976,4.04406e14,1.4564,-4.08168e6,2.02641e6,-5.08221e-9
1528693860,30747941.236067496,26583790.27669635,4164.151,4.00226e14,0.4077,-4.07018e6,2.03127e6,-5.09441e-9
1528693890,30734237.930952273,26564967.801695503,4169.270,4.02452e14,0.9661,-4.09126e6,2.03611e6,-5.10656e-9
1528693920,30720491.070299238,26546157.654372487,4174.333,4.02539e14,0.9882,-4.10141e6,2.04094e6,-5.11867e-9
1528693950,30706700.765682973,26527360.22167623,4179.341,3.96767e14,0.4599,-4.08147e6,2.04576e6,-5.13075e-9
1528693980,30692867.12938491,26508575.89190361,4184.291,3.97229e14,0.3441,-4.09341e6,2.05055e6,-5.14278e-9
1528694010,30678990.27439667,26489805.05469482,4189.185,3.97602e14,0.2505,-4.10488e6,2.05533e6,-5.15478e-9
1528694040,30665070.314423405,26471048.101028416,4194.022,3.96897e14,0.4273,-4.11076e6,2.06010e6,-5.16673e-9
1528694070,30651107.36388704,26452305.423216358,4198.802,3.98356e14,0.0612,-4.12779e6,2.06485e6,-5.17864e-9
1528694100,30637101.537929725,26433577.414898746,4203.524,3.93065e14,1.3888,-4.10978e6,2.06958e6,-5.19051e-9
1528694130,30623052.952445917,26414864.471063625,4208.188,3.93858e14,1.1898,-4.12327e6,2.07429e6,-5.20233e-9
1528694160,30608961.723997116,26396166.987964083,4212.795,3.99569e14,0.2429,-4.16239e6,2.07899e6,-5.21412e-9
1528694190,30594827.9699041,26377485.363190077,4217.343,3.99344e14,0.1864,-4.17058e6,2.08367e6,-5.22586e-9
1528694220,30580651.808221914,26358819.995637752,4221.832,3.94117e14,1.1247,-4.15254e6,2.08833e6,-5.23755e-9
1528694250,30566433.35774353,26340171.285503674,4226.262,3.96556e14,0.5128,-4.17457e6,2.09297e6,-5.24920e-9
1528694280,30552172.738003504,26321539.63427885,4230.633,4.01328e14,0.6842,-4.20890e6,2.09760e6,-5.26080e-9
1528694310,30537870.069281783,26302925.4447427,4234.945,3.98737e14,0.0342,-4.20449e6,2.10220e6,-5.27236e-9
1528694340,30523525.472607445,26284329.120956697,4239.196,4.00279e14,0.4212,-4.22181e6,2.10679e6,-5.28387e-9
1528694370,30509139.069762398,26265751.06825808,4243.388,4.02729e14,1.0357,-4.24394e6,2.11136e6,-5.29533e-9
1528694400,30494710.983285204,26247191.69325313,4247.519,4.01786e14,0.7992,-4.24808e6,2.11591e6,-5.30674e-9
1528694430,30480241.33644762,26228651.40380228,4251.590,4.01039e14,0.6117,-4.25320e6,2.12044e6,-5.31811e-9
1528694460,30465730.253342304,26210130.609038435,4255.600,4.00596e14,0.5006,-4.25989e6,2.12495e6,-5.32942e-9
1528694490,30451177.858802486,26191629.71933457,4259.548,3.98587e14,0.0034,-4.25816e6,2.12944e6,-5.34068e-9
1528694520,30436584.27843275,26173149.1463045,4263.435,3.96085e14,0.6310,-4.25371e6,2.13390e6,-5.35190e-9
1528694550,30421949.638612654,26154689.302795313,4267.260,3.96719e14,0.4719,-4.26598e6,2.13835e6,-5.36306e-9
1528694580,30407274.066500332,26136250.602879692,4271.023,3.95846e14,0.6910,-4.27012e6,2.14278e6,-5.37417e-9
1528694610,30392557.690036118,26117833.461847916,4274.724,3.96158e14,0.6127,-4.28059e6,2.14719e6,-5.38522e-9
1528694640,30377800.637946177,26099438.29619972,4278.362,4.01452e14,0.7153,-4.31789e6,2.15157e6,-5.39623e-9
1528694670,30363003.039746106,26081065.523636036,4281.938,3.96862e14,0.4362,-4.30183e6,2.15593e6,-5.40717e-9
1528694700,30348165.02574465,26062715.563050352,4285.449,3.96075e14,0.6335,-4.30624e6,2.16027e6,-5.41807e-9
1528694730,30333286.727069657,26044388.83451561,4288.898,4.01373e14,0.6956,-4.34361e6,2.16459e6,-5.42890e-9
1528694760,30318368.27560292,26026085.75928902,4292.283,3.97877e14,0.1816,-4.33321e6,2.16889e6,-5.43968e-9
1528694790,30303409.804053057,26007806.75978908,4295.603,4.00254e14,0.4147,-4.35471e6,2.17316e6,-5.45041e-9
1528694820,30288411.44593699,25989552.25959071,4298.859,3.99719e14,0.2806,-4.36031e6,2.17741e6,-5.46107e-9
1528694850,30273373.335583914,25971322.683415644,4302.051,4.00076e14,0.3702,-4.37073e6,2.18164e6,-5.47168e-9
1528694880,30258295.608139187,25953118.45712269,4305.177,4.00104e14,0.3772,-4.37930e6,2.18584e6,-5.48223e-9
1528694910,30243178.399568394,25934940.007697746,4308.238,3.97160e14,0.3615,-4.37151e6,2.19002e6,-5.49271e-9
1528694940,30228021.846661177,25916787.76324363,4311.234,4.00141e14,0.3865,-4.39621e6,2.19418e6,-5.50314e-9
1528694970,30212826.087035358,25898662.152969636,4314.164,4.01989e14,0.8502,-4.41468e6,2.19831e6,-5.51351e-9
1528695000,30197591.259140864,25880563.60718107,4317.028,4.02108e14,0.8801,-4.42358e6,2.20241e6,-5.52381e-9
1528695030,30182317.502247933,25862492.557275362,4319.825,3.97130e14,0.3688,-4.40423e6,2.20649e6,-5.53405e-9
1528695060,30167004.956500076,25844449.435709503,4322.556,3.98747e14,0.0367,-4.42129e6,2.21055e6,-5.54423e-9
1528695090,30151653.76286883,25826434.67601054,4325.219,4.04190e14,1.4022,-4.45958e6,2.21458e6,-5.55434e-9
1528695120,30136264.06317365,25808448.712757226,4327.815,4.00966e14,0.5935,-4.44971e6,2.21858e6,-5.56439e-9
1528695150,30120836.00008588,25790491.981568456,4330.344,4.00074e14,0.3696,-4.45272e6,2.22256e6,-5.57437e-9
1528695180,30105369.717132587,25772564.919091433,4332.805,3.96915e14,0.4229,-4.44299e6,2.22651e6,-5.58428e-9
1528695210,30089865.35870062,25754667.96298976,4335.197,3.95730e14,0.7202,-4.44419e6,2.23043e6,-5.59413e-9
1528695240,30074323.070040476,25736801.551931214,4337.522,3.97628e14,0.2439,-4.46260e6,2.23433e6,-5.60391e-9
1528695270,30058742.997270305,25718966.125575308,4339.777,3.97700e14,0.2259,-4.47073e6,2.23820e6,-5.61362e-9
1528695300,30043125.287379898,25701162.124560703,4341.963,4.01797e14,0.8019,-4.50145e6,2.24204e6,-5.62326e-9
1528695330,30027470.08824441,25683389.99049233,4344.080,4.00777e14,0.5460,-4.50336e6,2.24585e6,-5.63283e-9
1528695360,30011777.548598148,25665650.16592837,4346.127,3.99258e14,0.1650,-4.50238e6,2.24963e6,-5.64233e-9
1528695390,29996047.818069134,25647943.09436682,4348.105,4.00708e14,0.5287,-4.51809e6,2.25339e6,-5.65176e-9
1528695420,29980281.047173295,25630269.22023201,4350.012,3.99557e14,0.2400,-4.51905e6,2.25711e6,-5.66111e-9
1528695450,29964477.387318566,25612628.98886087,4351.848,3.95589e14,0.7556,-4.50395e6,2.26081e6,-5.67039e-9
1528695480,29948636.990808986,25595022.846488945,4353.614,3.97905e14,0.1745,-4.52442e6,2.26448e6,-5.67959e-9
1528695510,29932760.010848936,25577451.24023617,4355.309,3.98634e14,0.0085,-4.53583e6,2.26811e6,-5.68872e-9
1528695540,29916846.60154721,25559914.618092403,4356.932,3.96477e14,0.5328,-4.53076e6,2.27172e6,-5.69778e-9
1528695570,29900896.917921208,25542413.428902753,4358.483,3.98376e14,0.0562,-4.54873e6,2.27530e6,-5.70676e-9
1528695600,29884911.115901064,25524948.122352656,4359.963,4.05640e14,1.7661,-4.59734e6,2.27884e6,-5.71565e-9
1528695630,29868889.352328204,25507519.14894523,4361.370,3.98037e14,0.1414,-4.56090e6,2.28235e6,-5.72447e-9
1528695660,29852831.784977138,25490126.960008856,4362.705,3.91546e14,1.7698,-4.53065e6,2.28583e6,-5.73322e-9
1528695690,29836738.572541755,25472772.007658552,4363.967,4.00224e14,0.4074,-4.58732e6,2.28928e6,-5.74188e-9
1528695720,29820609.874645308,25455454.74478748,4365.155,3.98408e14,0.0484,-4.58373e6,2.29270e6,-5.75046e-9
1528695750,29804445.851844616,25438175.625050712,4366.270,3.97593e14,0.2529,-4.58580e6,2.29608e6,-5.75895e-9
1528695780,29788246.665634166,25420935.102848854,4367.312,3.98411e14,0.0476,-4.59722e6,2.29944e6,-5.76737e-9
1528695810,29772012.47845034,25403733.633311354,4368.279,3.99572e14,0.2436,-4.61056e6,2.30275e6,-5.77570e-9
1528695840,29755743.45367557,25386571.672279608,4369.172,4.06329e14,1.9388,-4.65622e6,2.30604e6,-5.78395e-9
1528695870,29739439.755642597,25369449.676289793,4369.990,4.04023e14,1.3603,-4.64943e6,2.30929e6,-5.79211e-9
1528695900,29723101.54963857,25352368.10255554,4370.733,3.96581e14,0.5066,-4.61275e6,2.31250e6,-5.80018e-9
1528695930,29706729.001913436,25335327.40895782,4371.402,3.98942e14,0.0858,-4.63281e6,2.31568e6,-5.80817e-9
1528695960,29690322.27967155,25318328.05400374,4371.994,3.99157e14,0.1397,-4.64035e6,2.31883e6,-5.81607e-9
1528695990,29673881.55108863,25301370.49683192,4372.511,3.98227e14,0.0938,-4.64116e6,2.32194e6,-5.82388e-9
1528696020,29657406.985311896,25284455.197186552,4372.952,4.01108e14,0.6291,-4.66412e6,2.32501e6,-5.83160e-9
1528696050,29640898.752464317,25267582.61539898,4373.316,3.99144e14,0.1363,-4.65874e6,2.32805e6,-5.83923e-9
1528696080,29624357.023648966,25250753.21236885,4373.604,3.98051e14,0.1379,-4.65836e6,2.33105e6,-5.84677e-9
1528696110,29607781.970953364,25233967.449545175,4373.815,3.99821e14,0.3062,-4.67466e6,2.33402e6,-5.85422e-9
1528696140,29591173.76745372,25217225.78890708,4373.948,3.99854e14,0.3145,-4.68072e6,2.33694e6,-5.86157e-9
1528696170,29574532.587219313,25200528.692944337,4374.004,3.99369e14,0.1929,-4.68366e6,2.33983e6,-5.86883e-9
1528696200,29557858.605316743,25183876.62463761,4373.982,3.97619e14,0.2463,-4.67909e6,2.34268e6,-5.87600e-9
1528696230,29541151.99780965,25167270.047438692,4373.882,4.00600e14,0.5017,-4.70225e6,2.34550e6,-5.88306e-9
1528696260,29524412.941777475,25150709.42524984,4373.704,4.01914e14,0.8313,-4.71556e6,2.34827e6,-5.89003e-9
1528696290,29507641.615305386,25134195.222403694,4373.446,3.99804e14,0.3019,-4.70861e6,2.35101e6,-5.89691e-9
1528696320,29490838.197493184,25117727.90364247,4373.110,3.98807e14,0.0518,-4.70813e6,2.35370e6,-5.90368e-9
1528696350,29474002.86845961,25101307.934097033,4372.695,3.96264e14,0.5862,-4.69842e6,2.35636e6,-5.91036e-9
1528696380,29457135.809346706,25084935.779265683,4372.200,3.98995e14,0.0989,-4.71980e6,2.35898e6,-5.91693e-9
1528696410,29440237.20232411,25068611.90499274,4371.625,4.03178e14,1.1485,-4.74974e6,2.36155e6,-5.92340e-9
1528696440,29423307.23059334,25052336.77744685,4370.970,4.00462e14,0.4670,-4.73873e6,2.36409e6,-5.92977e-9
1528696470,29406346.078392167,25036110.863099054,4370.235,3.96154e14,0.6137,-4.71817e6,2.36658e6,-5.93604e-9
1528696500,29389353.930998884,25019934.628700566,4369.419,4.01074e14,0.6206,-4.75229e6,2.36903e6,-5.94220e-9
1528696530,29372330.9747448,25003808.541251864,4368.522,4.00066e14,0.3678,-4.75114e6,2.37144e6,-5.94826e-9
1528696560,29355277.396993548,24987733.06800621,4367.544,3.96444e14,0.5410,-4.73432e6,2.37381e6,-5.95421e-9
1528696590,29338193.38617038,24971708.676420506,4366.485,4.03146e14,1.1403,-4.77890e6,2.37613e6,-5.96006e-9
1528696620,29321079.13175851,24955735.83414053,4365.343,4.04976e14,1.5996,-4.79442e6,2.37841e6,-5.96579e-9
1528696650,29303934.82430352,24939815.00897744,4364.120,4.01430e14,0.7099,-4.77776e6,2.38065e6,-5.97142e-9
1528696680,29286760.65541771,24923946.668883987,4362.814,3.98873e14,0.0684,-4.76688e6,2.38284e6,-5.97694e-9
1528696710,29269556.8177846,24908131.28193063,4361.426,4.01351e14,0.6901,-4.78601e6,2.38499e6,-5.98234e-9
1528696740,29252323.505163223,24892369.31628124,4359.954,4.05003e14,1.6063,-4.81211e6,2.38710e6,-5.98764e-9
1528696770,29235060.91239259,24876661.24016869,4358.400,4.01770e14,0.7952,-4.79689e6,2.38916e6,-5.99282e-9
1528696800,29217769.235396028,24861007.52187014,4356.762,4.01195e14,0.6510,-4.79749e6,2.39117e6,-5.99788e-9
1528696830,29200448.671171933,24845408.629696522,4355.040,4.02438e14,0.9627,-4.80891e6,2.39314e6,-6.00284e-9
1528696860,29183099.41784018,24829865.031922955,4353.234,3.98928e14,0.0822,-4.79169e6,2.39506e6,-6.00767e-9
1528696890,29165721.6746045,24814377.196807865,4351.344,3.97433e14,0.2930,-4.78646e6,2.39694e6,-6.01239e-9
1528696920,29148315.6417703,24798945.59255305,4349.370,4.00249e14,0.4135,-4.80706e6,2.39877e6,-6.01700e-9
1528696950,29130881.52074889,24783570.687277943,4347.311,4.00051e14,0.3638,-4.80944e6,2.40055e6,-6.02148e-9
1528696980,29113419.514061753,24768252.948993616,4345.167,3.95135e14,0.8695,-4.78330e6,2.40228e6,-6.02584e-9
1528697010,29095929.825344823,24752992.84557657,4342.937,3.95472e14,0.7848,-4.78870e6,2.40397e6,-6.03009e-9
1528697040,29078412.65935265,24737790.844742283,4340.622,3.97316e14,0.3223,-4.80309e6,2.40560e6,-6.03421e-9
1528697070,29060868.221962754,24722647.41401853,4338.221,3.99524e14,0.2317,-4.81960e6,2.40719e6,-6.03821e-9
1528697100,29043296.720179755,24707563.020718414,4335.734,4.04878e14,1.5749,-4.85504e6,2.40873e6,-6.04208e-9
1528697130,29025698.362157848,24692538.13189717,4333.160,4.03192e14,1.1518,-4.84785e6,2.41022e6,-6.04584e-9
1528697160,29008073.35714916,24677573.21437449,4330.500,3.99581e14,0.2460,-4.82891e6,2.41166e6,-6.04946e-9
1528697190,28990421.91556388,24662668.734656975,4327.753,4.01152e14,0.6400,-4.84120e6,2.41305e6,-6.05296e-9
1528697220,28972744.2489565,24647825.158926383,4324.919,4.00393e14,0.4498,-4.83930e6,2.41439e6,-6.05633e-9
1528697250,28955040.57003036,24633042.95301137,4321.998,3.97384e14,0.3052,-4.82365e6,2.41567e6,-6.05958e-9
1528697280,28937311.092641912,24618322.582359154,4318.989,3.94948e14,0.9163,-4.81136e6,2.41691e6,-6.06269e-9
1528697310,28919556.031805154,24603664.51200683,4315.892,3.99741e14,0.2860,-4.84279e6,2.41809e6,-6.06567e-9
1528697340,28901775.603696007,24589069.206552587,4312.706,4.03131e14,1.1367,-4.86563e6,2.41922e6,-6.06853e-9
1528697370,28883970.025656674,24574537.13012657,4309.433,4.01131e14,0.6349,-4.85566e6,2.42030e6,-6.07125e-9
1528697400,28866139.5162,24560068.74636172,4306.071,4.01833e14,0.8110,-4.86199e6,2.42132e6,-6.07383e-9
1528697430,28848284.29499691,24545664.518378455,4302.620,3.97675e14,0.2322,-4.83868e6,2.42229e6,-6.07629e-9
1528697460,28830404.582932677,24531324.90871114,4299.080,3.97291e14,0.3286,-4.83818e6,2.42321e6,-6.07860e-9
1528697490,28812500.602059353,24517050.379322376,4295.450,4.02346e14,0.9397,-4.87065e6,2.42407e6,-6.08078e-9
1528697520,28794572.575616594,24502841.391558707,4291.731,3.97149e14,0.3642,-4.84066e6,2.42488e6,-6.08283e-9
1528697550,28776620.72803594,24488698.406120505,4287.922,3.95367e14,0.8112,-4.83133e6,2.42563e6,-6.08473e-9
1528697580,28758645.284944713,24474621.883031618,4284.023,4.00280e14,0.4214,-4.86263e6,2.42633e6,-6.08650e-9
1528697610,28740646.47317031,24460612.28160892,4280.034,3.98717e14,0.0294,-4.85441e6,2.42697e6,-6.08812e-9
1528697640,28722624.520744093,24446670.060431506,4275.954,3.96700e14,0.4767,-4.84330e6,2.42755e6,-6.08961e-9
1528697670,28704579.656905532,24432795.67730989,4271.784,3.96964e14,0.4106,-4.84596e6,2.42808e6,-6.09095e-9
1528697700,28686512.112106167,24418989.589254875,4267.523,3.95091e14,0.8805,-4.83550e6,2.42855e6,-6.09215e-9
1528697730,28668422.11802026,24405252.252438888,4263.170,3.94167e14,1.1122,-4.83070e6,2.42896e6,-6.09320e-9
1528697760,28650309.90752849,24391584.122187573,4258.726,3.98015e14,0.1469,-4.85486e6,2.42931e6,-6.09411e-9
1528697790,28632175.71474211,24377985.6529249,4254.190,3.99468e14,0.2175,-4.86432e6,2.42961e6,-6.09487e-9
1528697820,28614019.77500045,24364457.29814889,4249.562,3.98866e14,0.0665,-4.86113e6,2.42985e6,-6.09549e-9
1528697850,28595842.324874915,24350999.51039961,4244.843,4.00802e14,0.5524,-4.87330e6,2.43003e6,-6.09596e-9
1528697880,28577643.602173023,24337612.741226956,4240.031,3.98886e14,0.0716,-4.86186e6,2.43015e6,-6.09628e-9
1528697910,28559423.845942363,24324297.441158354,4235.126,3.98186e14,0.1040,-4.85772e6,2.43021e6,-6.09644e-9
1528697940,28541183.2964746,24311054.059666213,4230.129,3.99867e14,0.3176,-4.86798e6,2.43020e6,-6.09646e-9
1528697970,28522922.19530941,24297883.04513525,4225.039,3.98960e14,0.0903,-4.86234e6,2.43014e6,-6.09633e-9
1528698000,28504640.78523848,24284784.84482973,4219.856,4.00489e14,0.4738,-4.87142e6,2.43002e6,-6.09604e-9
1528698030,28486339.310320254,24271759.904860727,4214.579,4.00917e14,0.5812,-4.87366e6,2.42984e6,-6.09560e-9
1528698060,28468018.015850432,24258808.67015204,4209.209,3.99148e14,0.1374,-4.86240e6,2.42959e6,-6.09500e-9
1528698090,28449677.148399573,24245931.58440812,4203.746,3.96489e14,0.5296,-4.84559e6,2.42928e6,-6.09425e-9
1528698120,28431316.955806088,24233129.09008028,4198.188,3.96394e14,0.5537,-4.84427e6,2.42891e6,-6.09334e-9
1528698150,28412937.687180158,24220401.62833321,4192.536,3.96074e14,0.6338,-4.84147e6,2.42848e6,-6.09227e-9
1528698180,28394539.592907734,24207749.63901122,4186.790,3.99234e14,0.1590,-4.85973e6,2.42798e6,-6.09105e-9
1528698210,28376122.924654428,24195173.560604632,4180.949,4.03866e14,1.3211,-4.88683e6,2.42742e6,-6.08966e-9
1528698240,28357687.93536924,24182673.830215797,4175.014,4.02139e14,0.8876,-4.87506e6,2.42679e6,-6.08811e-9
1528698270,28339234.879288446,24170250.88352513,4168.984,4.00252e14,0.4144,-4.86220e6,2.42610e6,-6.08641e-9
1528698300,28320764.011939324,24157905.15475699,4162.859,3.99436e14,0.2097,-4.85573e6,2.42535e6,-6.08454e-9
1528698330,28302275.59011496,24145637.076649424,4156.639,4.01247e14,0.6639,-4.86511e6,2.42453e6,-6.08250e-9
1528698360,28283769.871967066,24133447.080407847,4150.323,3.98812e14,0.0530,-4.84854e6,2.42364e6,-6.08030e-9
1528698390,28265247.116920177,24121335.59568255,4143.912,3.99323e14,0.1812,-4.84975e6,2.42269e6,-6.07794e-9
1528698420,28246707.58570393,24109303.05053041,4137.405,3.99728e14,0.2828,-4.85018e6,2.42168e6,-6.07541e-9
1528698450,28228151.540356416,24097349.871380363,4130.802,3.96566e14,0.5103,-4.82882e6,2.42059e6,-6.07271e-9
1528698480,28209579.244227387,24085476.48299878,4124.103,3.97933e14,0.1674,-4.83483e6,2.41944e6,-6.06985e-9
1528698510,28190990.9619816,24073683.30845483,4117.308,3.97227e14,0.3445,-4.82812e6,2.41822e6,-6.06681e-9
1528698540,28172386.95960191,24061970.769085675,4110.416,3.98556e14,0.0111,-4.83362e6,2.41693e6,-6.06361e-9
1528698570,28153767.504392564,24050339.28446168,4103.428,3.97817e14,0.1965,-4.82644e6,2.41558e6,-6.06023e-9
1528698600,28135132.864982292,24038789.272351556,4096.344,3.95233e14,0.8448,-4.80796e6,2.41416e6,-6.05668e-9
1528698630,28116483.311369173,24027321.148684476,4089.162,3.98528e14,0.0181,-4.82494e6,2.41266e6,-6.05296e-9
1528698660,28097819.11479518,24015935.327524167,4081.884,3.95701e14,0.7274,-4.80473e6,2.41110e6,-6.04907e-9
1528698690,28079140.54787814,24004632.221024867,4074.508,3.95529e14,0.7706,-4.80044e6,2.40947e6,-6.04500e-9
1528698720,28060447.88457346,23993412.23939915,4067.036,3.98642e14,0.0104,-4.81587e6,2.40777e6,-6.04076e-9
1528698750,28041741.400177404,23982275.790882833,4059.466,3.95151e14,0.8654,-4.79126e6,2.40600e6,-6.03634e-9
1528698780,28023021.37133044,23971223.28169986,4051.798,3.97364e14,0.3101,-4.80096e6,2.40416e6,-6.03174e-9
1528698810,28004288.07602058,23960255.11602713,4044.033,3.99986e14,0.3477,-4.81295e6,2.40225e6,-6.02697e-9
1528698840,27985541.79358649,23949371.695959378,4036.170,3.98690e14,0.0224,-4.80117e6,2.40026e6,-6.02201e-9
1528698870,27966782.804720752,23938573.421473917,4028.209,3.99856e14,0.3149,-4.80409e6,2.39821e6,-6.01688e-9
1528698900,27948011.39147293,23927860.690395527,4020.151,4.00588e14,0.4986,-4.80424e6,2.39608e6,-6.01157e-9
1528698930,27929227.8372046,23917233.898361575,4011.994,3.98430e14,0.0427,-4.78688e6,2.39388e6,-6.00607e-9
1528698960,27910432.426740475,23906693.43878572,4003.739,3.99217e14,0.1547,-4.78706e6,2.39161e6,-6.00039e-9
1528698990,27891625.44622277,23896239.702823997,3995.386,3.97262e14,0.3358,-4.77066e6,2.38926e6,-5.99453e-9
1528699020,27872807.183161855,23885873.07933925,3986.934,3.97074e14,0.3830,-4.76471e6,2.38684e6,-5.98849e-9
1528699050,27853977.926438548,23875593.954865985,3978.384,3.99790e14,0.2983,-4.77599e6,2.38435e6,-5.98226e-9
1528699080,27835137.966306563,23865402.71357529,3969.735,3.95982e14,0.6570,-4.74811e6,2.38178e6,-5.97585e-9
1528699110,27816287.594394784,23855299.737239804,3960.988,3.97244e14,0.3402,-4.75039e6,2.37914e6,-5.96925e-9
1528699140,27797427.103709504,23845285.405198663,3952.142,3.99417e14,0.2048,-4.75793e6,2.37643e6,-5.96246e-9
1528699170,27778556.788636625,23835360.094322562,3943.197,3.94933e14,0.9200,-4.72565e6,2.37364e6,-5.95548e-9
1528699200,27759676.94494383,23825524.178978823,3934.153,3.94285e14,1.0826,-4.71610e6,2.37077e6,-5.94832e-9
1528699230,27740787.869831223,23815778.03099886,3925.010,3.99329e14,0.1827,-4.74023e6,2.36783e6,-5.94097e-9
1528699260,27721889.86178366,23806122.019636523,3915.768,4.01140e14,0.6372,-4.74495e6,2.36481e6,-5.93342e-9
1528699290,27702983.220722888,23796556.511540107,3906.427,3.95098e14,0.8787,-4.70295e6,2.36172e6,-5.92569e-9
1528699320,27684068.247961316,23787081.87071561,3896.986,3.95107e14,0.8764,-4.69670e6,2.35855e6,-5.91777e-9
1528699350,27665145.246204324,23777698.458492253,3887.447,3.97595e14,0.2524,-4.70495e6,2.35531e6,-5.90965e-9
1528699380,27646214.51955246,23768406.633488066,3877.808,3.96871e14,0.4340,-4.69405e6,2.35198e6,-5.90134e-9
1528699410,27627276.373503696,23759206.751575634,3868.070,3.96081e14,0.6321,-4.68262e6,2.34858e6,-5.89283e-9
1528699440,27608331.114955533,23750099.165847883,3858.232,3.95869e14,0.6851,-4.67446e6,2.34511e6,-5.88414e-9
1528699470,27589379.052206997,23741084.226584025,3848.295,4.00448e14,0.4635,-4.69428e6,2.34155e6,-5.87524e-9
1528699500,27570420.49496069,23732162.281215627,3838.258,4.00988e14,0.5990,-4.69018e6,2.33792e6,-5.86615e-9
1528699530,27551455.754282873,23723333.674288634,3828.122,3.98000e14,0.1506,-4.66524e6,2.33421e6,-5.85687e-9
1528699560,27532485.142734013,23714598.747442536,3817.886,3.97470e14,0.2837,-4.65458e6,2.33042e6,-5.84739e-9
1528699590,27513508.97424149,23705957.8393641,3807.551,4.00512e14,0.4795,-4.66462e6,2.32655e6,-5.83771e-9
1528699620,27494527.56414262,23697411.28575804,3797.116,4.00616e14,0.5056,-4.65732e6,2.32260e6,-5.82783e-9
1528699650,27475541.229185864,23688959.419313807,3786.582,3.96987e14,0.4047,-4.62815e6,2.31858e6,-5.81775e-9
1528699680,27456550.287531957,23680602.569672503,3775.948,3.95046e14,0.8918,-4.60869e6,2.31447e6,-5.80747e-9
1528699710,27437555.05875491,23672341.063393988,3765.214,3.95567e14,0.7610,-4.60338e6,2.31028e6,-5.79700e-9
1528699740,27418555.863843,23664175.223924164,3754.381,3.98283e14,0.0797,-4.61061e6,2.30602e6,-5.78632e-9
1528699770,27399553.025199503,23656105.371562406,3743.448,3.99549e14,0.2379,-4.60924e6,2.30167e6,-5.77544e-9
1528699800,27380546.86664358,23648131.82342925,3732.415,3.98029e14,0.1435,-4.59162e6,2.29724e6,-5.76436e-9
1528699830,27361537.713436086,23640254.89343907,3721.283,3.97573e14,0.2579,-4.58000e6,2.29274e6,-5.75307e-9
1528699860,27342525.892202646,23632474.892253116,3710.051,3.96791e14,0.4539,-4.56636e6,2.28815e6,-5.74159e-9
1528699890,27323511.731011834,23624792.127262983,3698.720,3.97322e14,0.3208,-4.56009e6,2.28348e6,-5.72990e-9
1528699920,27304495.559350748,23617206.90255416,3687.289,4.00660e14,0.5167,-4.56970e6,2.27873e6,-5.71800e-9
1528699950,27285477.708125602,23609719.518874828,3675.758,3.98523e14,0.0195,-4.54783e6,2.27389e6,-5.70591e-9
1528699980,27266458.50966219,23602330.273604784,3664.128,3.97313e14,0.3229,-4.53112e6,2.26898e6,-5.69360e-9
1528700010,27247438.297706354,23595039.46072472,3652.399,4.02091e14,0.8758,-4.54830e6,2.26398e6,-5.68109e-9
1528700040,27228417.40742436,23587847.370785654,3640.570,3.99838e14,0.3105,-4.52534e6,2.25891e6,-5.66838e-9
1528700070,27209396.17540311,23580754.29087863,3628.642,3.97799e14,0.2009,-4.50348e6,2.25375e6,-5.65545e-9
1528700100,27190374.93965043,23573760.504604723,3616.614,3.99107e14,0.1271,-4.50039e6,2.24850e6,-5.64233e-9
1528700130,27171354.03959393,23566866.292041007,3604.488,3.96124e14,0.6214,-4.47295e6,2.24318e6,-5.62899e-9
1528700160,27152333.816084515,23560071.929724354,3592.262,3.97415e14,0.2975,-4.46943e6,2.23777e6,-5.61545e-9
1528700190,27133314.611392923,23553377.690608617,3579.937,4.00268e14,0.4184,-4.47446e6,2.23228e6,-5.60169e-9
1528700220,27114296.76921053,23546783.844040103,3567.513,3.99380e14,0.1957,-4.45833e6,2.22670e6,-5.58773e-9
1528700250,27095280.634649098,23540290.655728944,3554.990,3.99477e14,0.2200,-4.44756e6,2.22104e6,-5.57356e-9
1528700280,27076266.554240294,23533898.38772075,3542.368,4.00798e14,0.5512,-4.44341e6,2.21530e6,-5.55918e-9
1528700310,27057254.87593519,23527607.298368555,3529.648,3.97705e14,0.2246,-4.41459e6,2.20948e6,-5.54460e-9
1528700340,27038245.949103504,23521417.642305076,3516.828,3.94959e14,0.9135,-4.38762e6,2.20357e6,-5.52980e-9
1528700370,27019240.124532916,23515329.670415327,3503.910,3.96330e14,0.5696,-4.38325e6,2.19758e6,-5.51479e-9
1528700400,27000237.754428018,23509343.62980956,3490.894,3.99443e14,0.2114,-4.38827e6,2.19150e6,-5.49957e-9
1528700430,26981239.192387,23503459.763800517,3477.779,4.00006e14,0.3525,-4.37903e6,2.18534e6,-5.48414e-9
1528700460,26962244.793469362,23497678.311864402,3464.566,3.97471e14,0.2834,-4.35267e6,2.17910e6,-5.46850e-9
1528700490,26943254.914125524,23491999.509627882,3451.255,3.95116e14,0.8741,-4.32720e6,2.17277e6,-5.45264e-9
1528700520,26924269.91221747,23486423.588838115,3437.846,3.95330e14,0.8206,-4.31560e6,2.16636e6,-5.43658e-9
1528700550,26905290.147017192,23480950.77733744,3424.339,3.98172e14,0.1074,-4.31807e6,2.15986e6,-5.42030e-9
1528700580,26886315.979204662,23475581.299038433,3410.735,4.00541e14,0.4869,-4.31773e6,2.15328e6,-5.40381e-9
1528700610,26867347.770866074,23470315.37389926,3397.032,4.02255e14,0.9168,-4.31360e6,2.14661e6,-5.38711e-9
1528700640,26848385.885491535,23465153.21789954,3383.233,3.99862e14,0.3166,-4.28720e6,2.13986e6,-5.37020e-9
1528700670,26829430.68797301,23460095.0430164,3369.336,4.00317e14,0.4307,-4.27595e6,2.13303e6,-5.35307e-9
1528700700,26810482.544602033,23455141.057201073,3355.341,4.01757e14,0.7920,-4.26978e6,2.12611e6,-5.33573e-9
1528700730,26791541.823103722,23450291.464347724,3341.250,3.97374e14,0.3076,-4.23241e6,2.11910e6,-5.31818e-9
1528700760,26772608.89252174,23445546.46429579,3327.062,3.97504e14,0.2752,-4.21894e6,2.11201e6,-5.30042e-9
1528700790,26753684.12332848,23440906.25278228,3312.778,3.98348e14,0.0634,-4.20908e6,2.10484e6,-5.28244e-9
1528700820,26734767.887386065,23436371.021428127,3298.397,3.95391e14,0.8052,-4.17901e6,2.09758e6,-5.26425e-9
1528700850,26715860.557943746,23431940.957716655,3283.920,3.96722e14,0.4713,-4.17137e6,2.09023e6,-5.24584e-9
1528700880,26696962.509635158,23427616.244972438,3269.346,4.00558e14,0.4911,-4.17661e6,2.08280e6,-5.22722e-9
1528700910,26678074.118475582,23423397.06234065,3254.677,4.02958e14,1.0933,-4.17405e6,2.07529e6,-5.20839e-9
1528700940,26659195.76185881,23419283.584766813,3239.912,4.01909e14,0.8301,-4.15333e6,2.06769e6,-5.18935e-9
1528700970,26640327.81855412,23415275.98297696,3225.052,3.96202e14,0.6016,-4.10840e6,2.06000e6,-5.17009e-9
1528701000,26621470.668702956,23411374.423458315,3210.096,3.93349e14,1.3174,-4.07822e6,2.05223e6,-5.15062e-9
1528701030,26602624.693778668,23407579.06845424,3195.046,3.96701e14,0.4766,-4.07982e6,2.04438e6,-5.13093e-9
1528701060,26583790.27669635,23403890.075902913,3179.900,3.98765e14,0.0413,-4.07454e6,2.03644e6,-5.11103e-9
1528701090,26564967.801695503,23400307.599462524,3164.660,3.97386e14,0.3048,-4.05147e6,2.02841e6,-5.09092e-9
1528701120,26546157.654372487,23396831.78847986,3149.326,3.97670e14,0.2335,-4.03673e6,2.02030e6,-5.07059e-9
1528701150,26527360.22167623,23393462.787973333,3133.897,4.01890e14,0.8252,-4.04167e6,2.01211e6,-5.05006e-9
1528701180,26508575.89190361,23390200.73861646,3118.375,3.98252e14,0.0875,-4.00676e6,2.00383e6,-5.02931e-9
1528701210,26489805.05469482,23387045.776721958,3102.759,3.96329e14,0.5697,-3.98042e6,1.99547e6,-5.00834e-9
1528701240,26471048.101028416,23383998.034226082,3087.050,4.00068e14,0.3681,-3.98222e6,1.98702e6,-4.98717e-9
1528701270,26452305.423216358,23381057.63867363,3071.248,4.00803e14,0.5527,-3.96878e6,1.97848e6,-4.96578e-9
1528701300,26433577.414898746,23378224.713203315,3055.353,4.01894e14,0.8263,-3.95690e6,1.96987e6,-4.94418e-9
1528701330,26414864.471063625,23375499.37651376,3039.365,4.03424e14,1.2101,-3.94696e6,1.96116e6,-4.92236e-9
1528701360,26396166.987964083,23372881.742911354,3023.285,4.02369e14,0.9455,-3.92412e6,1.95238e6,-4.90034e-9
1528701390,26377485.363190077,23370371.9222353,3007.113,3.99512e14,0.2286,-3.89236e6,1.94351e6,-4.87810e-9
1528701420,26358819.995637752,23367970.01986481,2990.850,3.99836e14,0.3099,-3.87602e6,1.93455e6,-4.85565e-9
1528701450,26340171.285503674,23365676.13670684,2974.495,3.98892e14,0.0732,-3.85336e6,1.92551e6,-4.83299e-9
1528701480,26321539.63427885,23363490.369184256,2958.049,3.99687e14,0.2727,-3.83894e6,1.91639e6,-4.81013e-9
1528701510,26302925.4447427,23361412.80922458,2941.513,3.98888e14,0.0720,-3.81668e6,1.90718e6,-4.78705e-9
1528701540,26284329.120956697,23359443.544249147,2924.886,3.98114e14,0.1219,-3.79441e6,1.89789e6,-4.76376e-9
1528701570,26265751.06825808,23357582.657162856,2908.168,3.95713e14,0.7244,-3.76430e6,1.88852e6,-4.74026e-9
1528701600,26247191.69325313,23355830.226344466,2891.361,3.91975e14,1.6621,-3.72783e6,1.87906e6,-4.71655e-9
1528701630,26228651.40380228,23354186.325658064,2874.465,3.93572e14,1.2616,-3.71641e6,1.86952e6,-4.69263e-9
1528701660,26210130.609038435,23352651.024380326,2857.480,3.92880e14,1.4351,-3.69406e6,1.85990e6,-4.66850e-9
1528701690,26191629.71933457,23351224.387256805,2840.405,3.96403e14,0.5512,-3.69116e6,1.85019e6,-4.64417e-9
1528701720,26173149.1463045,23349906.474473555,2823.243,4.00732e14,0.5347,-3.69164e6,1.84041e6,-4.61963e-9
1528701750,26154689.302795313,23348697.341650203,2805.992,4.01016e14,0.6060,-3.67316e6,1.83054e6,-4.59488e-9
1528701780,26136250.602879692,23347597.03983352,2788.654,4.01746e14,0.7891,-3.65653e6,1.82058e6,-4.56993e-9
1528701810,26117833.461847916,23346605.615491606,2771.228,4.01224e14,0.6583,-3.63402e6,1.81055e6,-4.54476e-9
1528701840,26099438.29619972,23345723.11050848,2753.715,3.95169e14,0.8609,-3.58636e6,1.80043e6,-4.51940e-9
1528701870,26081065.523636036,23344949.562179293,2736.116,4.00157e14,0.3906,-3.58847e6,1.79023e6,-4.49383e-9
1528701900,26062715.563050352,23344285.003206067,2718.431,4.03065e14,1.1200,-3.58087e6,1.77995e6,-4.46805e-9
1528701930,26044388.83451561,23343729.461675547,2700.659,3.92517e14,1.5261,-3.51318e6,1.76959e6,-4.44207e-9
1528701960,26026085.75928902,23343282.961112797,2682.803,3.93921e14,1.1739,-3.49866e6,1.75915e6,-4.41589e-9
1528701990,26007806.75978908,23342945.520421322,2664.861,3.93280e14,1.3347,-3.47493e6,1.74863e6,-4.38950e-9
1528702020,25989552.25959071,23342717.15389932,2646.835,3.95515e14,0.7740,-3.46362e6,1.73803e6,-4.36291e-9
1528702050,25971322.683415644,23342597.871237908,2628.725,3.98538e14,0.0158,-3.45545e6,1.72734e6,-4.33613e-9
1528702080,25953118.45712269,23342587.677519925,2610.531,4.01413e14,0.7056,-3.44632e6,1.71658e6,-4.30914e-9
1528702110,25934940.007697746,23342686.57321923,2592.253,3.99253e14,0.1637,-3.41532e6,1.70574e6,-4.28195e-9
1528702140,25916787.76324363,23342894.554200597,2573.893,3.91530e14,1.7738,-3.36061e6,1.69482e6,-4.25456e-9
1528702170,25898662.152969636,23343211.61172006,2555.451,3.97077e14,0.3822,-3.36225e6,1.68382e6,-4.22697e-9
1528702200,25880563.60718107,23343637.732425895,2536.926,3.99415e14,0.2044,-3.34996e6,1.67274e6,-4.19919e-9
1528702230,25862492.557275362,23344172.898373697,2518.320,3.97321e14,0.3210,-3.31889e6,1.66158e6,-4.17121e-9
1528702260,25844449.435709503,23344817.086986322,2499.632,4.03702e14,1.2798,-3.32290e6,1.65035e6,-4.14303e-9
1528702290,25826434.67601054,23345570.271098938,2480.864,4.00501e14,0.4769,-3.28696e6,1.63903e6,-4.11466e-9
1528702320,25808448.712757226,23346432.418948404,2462.016,3.97887e14,0.1790,-3.25345e6,1.62764e6,-4.08610e-9
1528702350,25790491.981568456,23347403.49417706,2443.088,4.03324e14,1.1851,-3.25260e6,1.61618e6,-4.05734e-9
1528702380,25772564.919091433,23348483.455837015,2424.081,4.00243e14,0.4120,-3.21696e6,1.60463e6,-4.02838e-9
1528702410,25754667.96298976,23349672.258395016,2404.996,3.97120e14,0.3713,-3.18119e6,1.59301e6,-3.99924e-9
1528702440,25736801.551931214,23350969.85173777,2385.832,3.97879e14,0.1809,-3.16086e6,1.58132e6,-3.96991e-9
1528702470,25718966.125575308,23352376.181177903,2366.590,4.00737e14,0.5360,-3.14860e6,1.56955e6,-3.94038e-9
1528702500,25701162.124560703,23353891.18746031,2347.271,3.96337e14,0.5678,-3.10764e6,1.55770e6,-3.91067e-9
1528702530,25683389.99049233,23355514.80675743,2327.875,3.94452e14,1.0408,-3.07655e6,1.54578e6,-3.88077e-9
1528702560,25665650.16592837,23357246.970712986,2308.403,4.02694e14,1.0269,-3.08443e6,1.53378e6,-3.85068e-9
1528702590,25647943.09436682,23359087.606413435,2288.855,4.01264e14,0.6681,-3.05471e6,1.52171e6,-3.82041e-9
1528702620,25630269.22023201,23361036.636408273,2269.233,3.95898e14,0.6780,-3.01000e6,1.50957e6,-3.78995e-9
1528702650,25612628.98886087,23363093.978718936,2249.535,4.00968e14,0.5939,-3.00472e6,1.49736e6,-3.75931e-9
1528702680,25595022.846488945,23365259.546848293,2229.763,4.04836e14,1.5644,-2.99449e6,1.48507e6,-3.72849e-9
1528702710,25577451.24023617,23367533.24979063,2209.918,4.00205e14,0.4025,-2.95246e6,1.47271e6,-3.69748e-9
1528702740,25559914.618092403,23369914.992042113,2190.000,3.97673e14,0.2328,-2.91826e6,1.46027e6,-3.66630e-9
1528702770,25542413.428902753,23372404.673611816,2170.009,3.95690e14,0.7301,-2.88608e6,1.44777e6,-3.63493e-9
1528702800,25524948.122352656,23375002.190033223,2149.946,3.88705e14,2.4825,-2.83585e6,1.43520e6,-3.60339e-9
1528702830,25507519.14894523,23377707.432386465,2129.812,3.98078e14,0.1311,-2.84435e6,1.42255e6,-3.57167e-9
1528702860,25490126.960008856,23380520.287279356,2109.607,4.05300e14,1.6808,-2.84451e6,1.40984e6,-3.53977e-9
1528702890,25472772.007658552,23383440.63689209,2089.331,3.97080e14,0.3814,-2.78989e6,1.39705e6,-3.50770e-9
1528702920,25455454.74478748,23386468.358980622,2068.986,3.98672e14,0.0180,-2.76977e6,1.38420e6,-3.47546e-9
1528702950,25438175.625050712,23389603.32689076,2048.572,4.08313e14,2.4366,-2.77712e6,1.37128e6,-3.44304e-9
1528702980,25420935.102848854,23392845.409572724,2028.090,4.01008e14,0.6039,-2.72591e6,1.35829e6,-3.41046e-9
1528703010,25403733.633311354,23396194.471596327,2007.539,3.92182e14,1.6102,-2.66991e6,1.34523e6,-3.37770e-9
1528708320,23396831.78847986,25400578.103907652,2003.746,3.97134e14,0.3680,2.68248e6,-1.34348e6,3.37165e-9
1528708350,23393462.787973333,25417772.602618832,2024.310,3.96344e14,0.5660,2.70587e6,-1.35654e6,3.40443e-9
1528708380,23390200.73861646,25435006.23648133,2044.805,3.93391e14,1.3070,2.72164e6,-1.36953e6,3.43705e-9
1528708410,23387045.776721958,25452278.550193958,2065.233,3.95738e14,0.7180,2.75547e6,-1.38245e6,3.46950e-9
1528708440,23383998.034226082,25469589.08918214,2085.591,4.02222e14,0.9085,2.80380e6,-1.39531e6,3.50178e-9
1528708470,23381057.63867363,25486937.39961438,2105.880,4.02109e14,0.8803,2.82910e6,-1.40810e6,3.53388e-9
1528708500,23378224.713203315,25504323.028418496,2126.098,4.02361e14,0.9434,2.85555e6,-1.42081e6,3.56581e-9
1528708530,23375499.37651376,25521745.523323134,2146.246,4.04378e14,1.4494,2.88823e6,-1.43346e6,3.59756e-9
1528708560,23372881.742911354,25539204.432794712,2166.323,3.95756e14,0.7136,2.88229e6,-1.44604e6,3.62914e-9
1528708590,23370371.9222353,25556699.306131985,2186.327,3.91989e14,1.6588,2.89343e6,-1.45854e6,3.66054e-9
1528708620,23367970.01986481,25574229.693455998,2206.260,4.01106e14,0.6286,2.95176e6,-1.47098e6,3.69176e-9
1528708650,23365676.13670684,25591795.14572531,2226.119,4.03130e14,1.1364,2.98411e6,-1.48334e6,3.72280e-9
1528708680,23363490.369184256,25609395.214751083,2245.905,4.03098e14,1.1283,3.00872e6,-1.49563e6,3.75365e-9
1528708710,23361412.80922458,25627029.45321192,2265.617,3.99856e14,0.3151,3.02104e6,-1.50785e6,3.78433e-9
1528708740,23359443.544249147,25644697.414668486,2285.254,4.03244e14,1.1649,3.05829e6,-1.51999e6,3.81482e-9
1528708770,23357582.657162856,25662398.65357789,2304.816,4.03150e14,1.1413,3.08223e6,-1.53206e6,3.84513e-9
1528708800,23355830.226344466,25680132.725307908,2324.302,3.97653e14,0.2376,3.08507e6,-1.54406e6,3.87525e-9
1528708830,23354186.325658064,25697899.186143618,2343.713,4.01642e14,0.7631,3.12447e6,-1.55598e6,3.90519e-9
1528708860,23352651.024380326,25715697.593323573,2363.047,3.97178e14,0.3570,3.13070e6,-1.56783e6,3.93494e-9
1528708890,23351224.387256805,25733527.50503081,2382.303,3.96663e14,0.4860,3.15218e6,-1.57961e6,3.96450e-9
1528708920,23349906.474473555,25751388.480413385,2401.482,4.01801e14,0.8029,3.19604e6,-1.59130e6,3.99387e-9
1528708950,23348697.341650203,25769280.07959732,2420.583,4.00337e14,0.4357,3.21350e6,-1.60293e6,4.02305e-9
1528708980,23347597.03983352,25787201.86369939,2439.605,4.00935e14,0.5856,3.23907e6,-1.61447e6,4.05203e-9
1528709010,23346605.615491606,25805153.394839693,2458.548,3.95401e14,0.8026,3.23951e6,-1.62594e6,4.08083e-9
1528709040,23345723.11050848,25823134.2361539,2477.411,3.88301e14,2.5839,3.23303e6,-1.63733e6,4.10943e-9
1528709070,23344949.562179293,25841143.951805398,2496.194,3.95525e14,0.7716,3.28527e6,-1.64865e6,4.13784e-9
1528709100,23344285.003206067,25859182.10699706,2514.897,3.99579e14,0.2456,3.32456e6,-1.65989e6,4.16605e-9
1528709130,23343729.461675547,25877248.267977268,2533.519,3.94676e14,0.9846,3.32635e6,-1.67105e6,4.19407e-9
1528709160,23343282.961112797,25895342.002068978,2552.059,3.95734e14,0.7191,3.35288e6,-1.68213e6,4.22189e-9
1528709190,23342945.520421322,25913462.877663117,2570.517,3.95456e14,0.7888,3.37363e6,-1.69313e6,4.24952e-9
1528709220,23342717.15389932,25931610.46423527,2588.893,3.98491e14,0.0273,3.40838e6,-1.70406e6,4.27694e-9
1528709250,23342597.871237908,25949784.332356445,2607.186,4.03113e14,1.1321,3.44997e6,-1.71490e6,4.30417e-9
1528709280,23342587.677519925,25967984.05370356,2625.396,4.03779e14,1.2993,3.47451e6,-1.72567e6,4.33119e-9
1528709310,23342686.57321923,25986209.201069772,2643.523,4.01413e14,0.7056,3.48572e6,-1.73635e6,4.35802e-9
1528709340,23342894.554200597,26004459.34837454,2661.565,3.94296e14,1.0799,3.47580e6,-1.74696e6,4.38465e-9
1528709370,23343211.61172006,26022734.07067359,2679.522,3.96474e14,0.5336,3.50636e6,-1.75748e6,4.41107e-9
1528709400,23343637.732425895,26041032.944168534,2697.395,4.01215e14,0.6559,3.54823e6,-1.76793e6,4.43729e-9
1528709430,23344172.898373697,26059355.54622816,2715.183,3.97722e14,0.2205,3.55345e6,-1.77829e6,4.46331e-9
1528709460,23344817.086986322,26077701.45536151,2732.884,3.99447e14,0.2124,3.58174e6,-1.78857e6,4.48912e-9
1528709490,23345570.271098938,26096070.25126338,2750.500,4.00752e14,0.5397,3.60806e6,-1.79878e6,4.51473e-9
1528709520,23346432.418948404,26114461.5148115,2768.029,3.97320e14,0.3212,3.61278e6,-1.80890e6,4.54014e-9
1528709550,23347403.49417706,26132874.828075398,2785.471,4.01588e14,0.7495,3.65232e6,-1.81893e6,4.56534e-9
1528709580,23348483.455837015,26151309.77432497,2802.826,4.01551e14,0.7402,3.67214e6,-1.82889e6,4.59033e-9
1528709610,23349672.258395016,26169765.9380389,2820.094,3.98200e14,0.1004,3.67651e6,-1.83876e6,4.61512e-9
1528709640,23350969.85173777,26188242.90491294,2837.273,3.99185e14,0.1467,3.70066e6,-1.84856e6,4.63970e-9
1528709670,23352376.181177903,26206740.261867892,2854.364,3.97703e14,0.2251,3.71318e6,-1.85827e6,4.66407e-9
1528709700,23353891.18746031,26225257.597057458,2871.366,3.94399e14,1.0540,3.71693e6,-1.86789e6,4.68824e-9
1528709730,23355514.80675743,26243794.499859106,2888.280,3.94867e14,0.9366,3.73813e6,-1.87744e6,4.71219e-9
1528709760,23357246.970712986,26262350.560933407,2905.104,4.02649e14,1.0156,3.79382e6,-1.88690e6,4.73594e-9
1528709790,23359087.606413435,26280925.372179233,2921.838,4.01160e14,0.6422,3.80559e6,-1.89627e6,4.75948e-9
1528709820,23361036.636408273,26299518.52675751,2938.482,3.95709e14,0.7255,3.79817e6,-1.90557e6,4.78281e-9
1528709850,23363093.978718936,26318129.619098127,2955.036,3.97491e14,0.2783,3.82509e6,-1.91478e6,4.80593e-9
1528709880,23365259.546848293,26336758.244906455,2971.499,4.00866e14,0.5684,3.85962e6,-1.92390e6,4.82884e-9
1528709910,23367533.24979063,26355404.001169845,2987.871,3.99800e14,0.3010,3.87259e6,-1.93295e6,4.85154e-9
1528709940,23369914.992042113,26374066.486163907,3004.151,3.98957e14,0.0893,3.88643e6,-1.94191e6,4.87402e-9
1528709970,23372404.673611816,26392745.2994586,3020.341,3.98053e14,0.1373,3.89977e6,-1.95078e6,4.89630e-9
1528710000,23375002.190033223,26411440.041924167,3036.438,3.97496e14,0.2771,3.91460e6,-1.95957e6,4.91836e-9
1528710030,23377707.432386465,26430150.315761678,3052.443,3.93348e14,1.3178,3.91150e6,-1.96828e6,4.94022e-9
1528710060,23380520.287279356,26448875.72443244,3068.355,3.92939e14,1.4202,3.92661e6,-1.97690e6,4.96186e-9
1528710090,23383440.63689209,26467615.87273998,3084.175,4.00542e14,0.4871,3.98145e6,-1.98544e6,4.98329e-9
1528710120,23386468.358980622,26486370.36681079,3099.902,3.96571e14,0.5091,3.97853e6,-1.99389e6,5.00450e-9
1528710150,23389603.32689076,26505138.814099673,3115.535,3.98452e14,0.0373,4.00468e6,-2.00226e6,5.02551e-9
1528710180,23392845.409572724,26523920.82339489,3131.075,3.97788e14,0.2038,4.01790e6,-2.01054e6,5.04630e-9
1528710210,23396194.471596327,26542716.004823346,3146.522,3.96973e14,0.4084,4.03015e6,-2.01874e6,5.06687e-9
1528710240,23399650.37316648,26561523.969855268,3161.874,3.99561e14,0.2411,4.05952e6,-2.02685e6,5.08724e-9
1528710270,23403212.970139276,26580344.331309073,3177.131,3.97510e14,0.2734,4.06512e6,-2.03488e6,5.10739e-9
1528710300,23406882.11403846,26599176.70335583,3192.295,3.97722e14,0.2203,4.08208e6,-2.04283e6,5.12733e-9
1528710330,23410657.652063377,26618020.701492205,3207.363,3.95872e14,0.6846,4.08826e6,-2.05069e6,5.14705e-9
1528710360,23414539.42713448,26636875.942641724,3222.337,4.00970e14,0.5944,4.13010e6,-2.05846e6,5.16657e-9
1528710390,23418527.277882956,26655742.045061383,3237.215,4.01036e14,0.6110,4.14587e6,-2.06615e6,5.18586e-9
1528710420,23422621.03867823,26674618.628376957,3251.998,3.94045e14,1.1429,4.12474e6,-2.07375e6,5.20495e-9
1528710450,23426820.539646663,26693505.31358637,3266.685,3.99383e14,0.1963,4.16758e6,-2.08127e6,5.22382e-9
1528710480,23431125.60669069,26712401.723063093,3281.276,4.02011e14,0.8557,4.19624e6,-2.08871e6,5.24248e-9
1528710510,23435536.061508536,26731307.480559386,3295.771,3.97696e14,0.2268,4.18831e6,-2.09606e6,5.26092e-9
1528710540,23440051.72161417,26750222.21120928,3310.170,3.99705e14,0.2771,4.21343e6,-2.10332e6,5.27915e-9
1528710570,23444672.40035783,26769145.54153151,3324.473,4.00207e14,0.4029,4.23047e6,-2.11050e6,5.29717e-9
1528710600,23449397.906946927,26788077.099432353,3338.679,4.02740e14,1.0385,4.25815e6,-2.11760e6,5.31498e-9
1528710630,23454228.046474114,26807016.51424218,3352.788,4.03804e14,1.3055,4.27792e6,-2.12461e6,5.33257e-9
1528710660,23459162.61991816,26825963.416613415,3366.801,4.00057e14,0.3655,4.27182e6,-2.13153e6,5.34995e-9
1528710690,23464201.424187206,26844917.438627873,3380.716,3.99281e14,0.1708,4.28136e6,-2.13837e6,5.36711e-9
1528710720,23469344.25213446,26863878.21376536,3394.534,3.99687e14,0.2726,4.29707e6,-2.14513e6,5.38407e-9
1528710750,23474590.89258129,26882845.37690613,3408.254,4.00801e14,0.5520,4.31645e6,-2.15180e6,5.40081e-9
1528710780,23479941.130340572,26901818.564333156,3421.877,3.98166e14,0.1090,4.31539e6,-2.15839e6,5.41734e-9
1528710810,23485394.74624053,26920797.41373443,3435.403,3.96642e14,0.4914,4.32010e6,-2.16489e6,5.43365e-9
1528710840,23490951.51714889,26939781.56420489,3448.830,3.94975e14,0.9095,4.32383e6,-2.17131e6,5.44976e-9
1528710870,23496611.215997413,26958770.65624854,3462.159,3.95834e14,0.6940,4.34113e6,-2.17764e6,5.46565e-9
1528710900,23502373.611806877,26977764.331780102,3475.391,3.98549e14,0.0129,4.36847e6,-2.18389e6,5.48133e-9
1528710930,23508238.469705496,26996762.23409473,3488.524,4.00311e14,0.4291,4.39049e6,-2.19006e6,5.49680e-9
1528710960,23514205.550975658,27015764.007968526,3501.558,3.97448e14,0.2890,4.38690e6,-2.19614e6,5.51206e-9
1528710990,23520274.613058623,27034769.299560666,3514.495,3.95551e14,0.7652,4.38839e6,-2.20214e6,5.52711e-9
1528711020,23526445.409587707,27053777.756446566,3527.332,3.95244e14,0.8422,4.39847e6,-2.20805e6,5.54194e-9
1528711050,23532717.69041498,27072789.02761887,3540.071,3.97194e14,0.3527,4.42092e6,-2.21388e6,5.55657e-9
1528711080,23539091.201638162,27091802.76348824,3552.712,4.01278e14,0.6717,4.45514e6,-2.21963e6,5.57099e-9
1528711110,23545565.685627975,27110818.615884088,3565.253,3.98467e14,0.0335,4.45081e6,-2.22529e6,5.58520e-9
1528711140,23552140.881055735,27129836.238055155,3577.695,3.93610e14,1.2520,4.43477e6,-2.23087e6,5.59920e-9
1528711170,23558816.522921335,27148855.284669984,3590.039,3.95099e14,0.8785,4.45406e6,-2.23637e6,5.61299e-9
1528711200,23565592.342581466,27167875.41181732,3602.283,4.01074e14,0.6206,4.49846e6,-2.24178e6,5.62657e-9
1528711230,23572468.067787033,27186896.27703224,3614.428,3.95290e14,0.8306,4.47653e6,-2.24712e6,5.63995e-9
1528711260,23579443.422684696,27205917.539216608,3626.474,3.93738e14,1.2200,4.47821e6,-2.25237e6,5.65311e-9
1528711290,23586518.12787359,27224938.85871922,3638.421,4.00417e14,0.4557,4.52632e6,-2.25753e6,5.66607e-9
1528711320,23593691.900425944,27243959.897310115,3650.268,3.99453e14,0.2140,4.53104e6,-2.26262e6,5.67883e-9
1528711350,23600964.453916807,27262980.318180706,3662.016,3.95436e14,0.7940,4.51819e6,-2.26762e6,5.69137e-9
1528711380,23608335.4984541,27281999.78594372,3673.664,4.01239e14,0.6620,4.56109e6,-2.27254e6,5.70372e-9
1528711410,23615804.74070898,27301017.96663329,3685.213,4.01868e14,0.8198,4.57440e6,-2.27738e6,5.71585e-9
1528711440,23623371.88394636,27320034.527704675,3696.663,3.95850e14,0.6901,4.54948e6,-2.28214e6,5.72778e-9
1528711470,23631036.628055718,27339049.13803408,3708.013,4.00757e14,0.5411,4.58696e6,-2.28681e6,5.73951e-9
1528711500,23638798.669582173,27358061.46791834,3719.263,4.03735e14,1.2883,4.61330e6,-2.29141e6,5.75104e-9
1528711530,23646657.701746996,27377071.189059373,3730.413,3.97274e14,0.3328,4.58515e6,-2.29592e6,5.76236e-9
1528711560,23654613.41451228,27396077.97461031,3741.465,3.95268e14,0.8359,4.58243e6,-2.30035e6,5.77348e-9
1528711590,23662665.494579222,27415081.499127995,3752.416,4.02111e14,0.8808,4.63068e6,-2.30471e6,5.78439e-9
1528711620,23670813.625430815,27434081.43858735,3763.268,3.99420e14,0.2055,4.62366e6,-2.30898e6,5.79511e-9
1528711650,23679057.487363853,27453077.470380485,3774.020,3.95886e14,0.6809,4.61154e6,-2.31317e6,5.80562e-9
1528711680,23687396.757521212,27472069.273315683,3784.673,3.98899e14,0.0750,4.63726e6,-2.31729e6,5.81594e-9
1528711710,23695831.10992426,27491056.527616378,3795.225,3.97413e14,0.2980,4.63667e6,-2.32132e6,5.82605e-9
1528711740,23704360.21550541,27510038.914919905,3805.679,3.97374e14,0.3078,4.64433e6,-2.32527e6,5.83596e-9
1528711770,23712983.742141012,27529016.118276305,3816.032,3.99810e14,0.3035,4.66631e6,-2.32915e6,5.84568e-9
1528711800,23721701.354684252,27547987.822146937,3826.286,3.98281e14,0.0802,4.66496e6,-2.33295e6,5.85520e-9
1528711830,23730512.715008136,27566953.712407246,3836.441,3.97954e14,0.1621,4.67048e6,-2.33667e6,5.86452e-9
1528711860,23739417.482008442,27585913.476332407,3846.496,3.99483e14,0.2213,4.68673e6,-2.34031e6,5.87365e-9
1528711890,23748415.31166774,27604866.802608825,3856.451,4.02305e14,0.9294,4.71046e6,-2.34387e6,5.88258e-9
1528711920,23757505.857079186,27623813.38132819,3866.308,4.02368e14,0.9452,4.71783e6,-2.34735e6,5.89131e-9
1528711950,23766688.768480293,27642752.903985914,3876.064,4.01327e14,0.6840,4.71853e6,-2.35076e6,5.89985e-9
1528711980,23775963.693286955,27661685.063479234,3885.721,4.02780e14,1.0486,4.73379e6,-2.35409e6,5.90820e-9
1528712010,23785330.276127573,27680609.554105543,3895.279,3.98012e14,0.1477,4.71212e6,-2.35734e6,5.91635e-9
1528712040,23794788.158877183,27699526.0715604,3904.738,3.96938e14,0.4172,4.71210e6,-2.36052e6,5.92431e-9
1528712070,23804336.98069187,27718434.312935583,3914.097,3.98081e14,0.1304,4.72506e6,-2.36362e6,5.93208e-9
1528712100,23813976.378043152,27737333.976717096,3923.358,3.95146e14,0.8667,4.71367e6,-2.36664e6,5.93966e-9
1528712130,23823705.984745868,27756224.762784246,3932.519,3.96054e14,0.6389,4.72494e6,-2.36959e6,5.94704e-9
1528712160,23833525.43201341,27775106.372404035,3941.581,4.01279e14,0.6720,4.76177e6,-2.37246e6,5.95424e-9
1528712190,23843434.348471694,27793978.508232255,3950.544,4.00712e14,0.5299,4.76401e6,-2.37526e6,5.96125e-9
1528712220,23853432.36020058,27812840.874310173,3959.409,3.97989e14,0.1534,4.75321e6,-2.37798e6,5.96807e-9
1528712250,23863519.090768754,27831693.176062305,3968.174,3.98335e14,0.0666,4.76056e6,-2.38063e6,5.97471e-9
1528712280,23873694.16126852,27850535.120293923,3976.841,3.97714e14,0.2225,4.76199e6,-2.38320e6,5.98115e-9
1528712310,23883957.190350763,27869366.415188786,3985.409,3.97269e14,0.3341,4.76432e6,-2.38570e6,5.98742e-9
1528712340,23894307.794259932,27888186.770306576,3993.879,3.98174e14,0.1069,4.77459e6,-2.38813e6,5.99350e-9
1528712370,23904745.58686904,27906995.896580406,4002.250,4.00783e14,0.5475,4.79494e6,-2.39048e6,5.99939e-9
1528712400,23915270.17971475,27925793.50631425,4010.523,3.99947e14,0.3379,4.79449e6,-2.39276e6,6.00510e-9
1528712430,23925881.18203453,27944579.31318207,4018.698,3.98051e14,0.1378,4.78751e6,-2.39497e6,6.01063e-9
1528712460,23936578.200795367,27963353.032219578,4026.775,3.98039e14,0.1409,4.79170e6,-2.39711e6,6.01598e-9
1528712490,23947360.84073545,27982114.37982729,4034.754,4.00091e14,0.3739,4.80818e6,-2.39917e6,6.02114e-9
1528712520,23958228.704397205,28000863.07376582,4042.634,4.01230e14,0.6596,4.81902e6,-2.40116e6,6.02613e-9
1528712550,23969181.392162528,28019598.833153058,4050.417,3.97161e14,0.3612,4.79834e6,-2.40308e6,6.03094e-9
1528712580,23980218.502287954,28038321.37846128,4058.103,3.98062e14,0.1351,4.80746e6,-2.40493e6,6.03556e-9
1528712610,23991339.6309399,28057030.431514263,4065.691,3.95909e14,0.6752,4.79801e6,-2.40671e6,6.04002e-9
1528712640,24002544.372229822,28075725.71548422,4073.181,3.94329e14,1.0716,4.79186e6,-2.40842e6,6.04429e-9
1528712670,24013832.318249416,28094406.954888817,4080.575,4.00278e14,0.4207,4.83110e6,-2.41006e6,6.04839e-9
1528712700,24025203.059105814,28113073.87558803,4087.871,4.00290e14,0.4240,4.83432e6,-2.41163e6,6.05232e-9
1528712730,24036656.182961177,28131726.20476946,4095.070,4.00491e14,0.4743,4.83853e6,-2.41313e6,6.05607e-9
1528712760,24048191.27605408,28150363.670980964,4102.172,3.99174e14,0.1438,4.83342e6,-2.41456e6,6.05965e-9
1528712790,24059807.92274827,28168986.00409131,4109.178,3.94911e14,0.9257,4.81029e6,-2.41593e6,6.06306e-9
1528712820,24071505.705563392,28187592.935298543,4116.087,3.97603e14,0.2502,4.82920e6,-2.41722e6,6.06629e-9
1528712850,24083284.205209944,28206184.197126556,4122.900,4.02067e14,0.8698,4.85874e6,-2.41845e6,6.06936e-9
1528712880,24095143.000624277,28224759.52342168,4129.617,4.02442e14,0.9638,4.86334e6,-2.41961e6,6.07225e-9
1528712910,24107081.669003546,28243318.649349224,4136.237,4.02834e14,1.0621,4.86791e6,-2.42070e6,6.07498e-9
1528712940,24119099.785840515,28261861.311389957,4142.762,4.01158e14,0.6415,4.85978e6,-2.42173e6,6.07754e-9
1528712970,24131196.924958356,28280387.247336615,4149.190,3.98785e14,0.0464,4.84728e6,-2.42269e6,6.07994e-9
1528713000,24143372.658545338,28298896.196290325,4155.524,3.98693e14,0.0233,4.84850e6,-2.42358e6,6.08217e-9
1528713030,24155626.557180446,28317387.898681317,4161.761,3.99071e14,0.1182,4.85245e6,-2.42441e6,6.08423e-9
1528713060,24167958.189895675,28335862.09619056,4167.904,3.97406e14,0.2996,4.84384e6,-2.42517e6,6.08613e-9
1528713090,24180367.124182656,28354318.531821225,4173.951,3.95300e14,0.8281,4.83240e6,-2.42587e6,6.08787e-9
1528713120,24192852.926035862,28372756.949870918,4179.904,3.99968e14,0.3432,4.86209e6,-2.42650e6,6.08944e-9
1528713150,24205415.159986872,28391177.095928226,4185.762,4.01629e14,0.7599,4.87334e6,-2.42707e6,6.09086e-9
1528713180,24218053.38913836,28409578.716869187,4191.525,4.03747e14,1.2912,4.88725e6,-2.42758e6,6.09211e-9
1528713210,24230767.175198093,28427961.560853813,4197.194,4.00299e14,0.4261,4.86713e6,-2.42802e6,6.09321e-9
1528713240,24243556.07851276,28446325.377322473,4202.769,3.96927e14,0.4197,4.84734e6,-2.42840e6,6.09415e-9
1528713270,24256419.658101697,28464669.916992325,4208.250,3.96482e14,0.5315,4.84525e6,-2.42872e6,6.09493e-9
1528713300,24269357.471690495,28482994.931853645,4213.637,3.96314e14,0.5736,4.84473e6,-2.42897e6,6.09555e-9
1528713330,24282369.075754147,28501300.17513382,4218.931,4.03456e14,1.2181,4.88864e6,-2.42917e6,6.09602e-9
1528713360,24295454.025520597,28519585.40139338,4224.131,4.01518e14,0.7320,4.87709e6,-2.42930e6,6.09634e-9
1528713390,24308611.87503392,28537850.366422117,4229.238,3.98198e14,0.1011,4.85698e6,-2.42937e6,6.09650e-9
1528713420,24321842.177177805,28556094.827267483,4234.253,3.96612e14,0.4989,4.84733e6,-2.42938e6,6.09651e-9
1528713450,24335144.483708553,28574318.54223051,4239.174,3.99289e14,0.1727,4.86354e6,-2.42933e6,6.09637e-9
1528713480,24348518.345287982,28592521.270861585,4244.003,4.00430e14,0.4590,4.87027e6,-2.42922e6,6.09608e-9
1528713510,24361963.31151616,28610702.77395643,4248.739,3.96836e14,0.4426,4.84802e6,-2.42905e6,6.09564e-9
1528713540,24375478.930963993,28628862.813551866,4253.384,3.95810e14,0.7000,4.84130e6,-2.42882e6,6.09505e-9
1528713570,24389064.751205605,28647001.15292162,4257.936,3.95017e14,0.8990,4.83589e6,-2.42853e6,6.09431e-9
1528713600,24402720.31885069,28665117.556572117,4262.397,3.96557e14,0.5127,4.84458e6,-2.42819e6,6.09343e-9
1528713630,24416445.179567587,28683211.790268414,4266.767,3.97111e14,0.3737,4.84714e6,-2.42778e6,6.09240e-9
1528713660,24430238.878142886,28701283.620937083,4271.045,4.00560e14,0.4915,4.86722e6,-2.42732e6,6.09123e-9
1528713690,24444100.958485365,28719332.816755146,4275.232,4.02788e14,1.0504,4.87974e6,-2.42680e6,6.08992e-9
1528713720,24458030.96366653,28737359.14711592,4279.328,3.99909e14,0.3282,4.86106e6,-2.42623e6,6.08846e-9
1528713750,24472028.43595195,28755362.38262499,4283.334,4.00587e14,0.4984,4.86391e6,-2.42560e6,6.08686e-9
1528713780,24486092.9168324,28773342.295096233,4287.249,3.99841e14,0.3112,4.85799e6,-2.42491e6,6.08512e-9
1528713810,24500223.947054878,28791298.65754779,4291.075,3.93325e14,1.3236,4.81685e6,-2.42417e6,6.08324e-9
1528713840,24514421.066653386,28809231.244198035,4294.810,3.95438e14,0.7935,4.82811e6,-2.42337e6,6.08122e-9
1528713870,24528683.814979512,28827139.830461577,4298.456,4.00184e14,0.3973,4.85526e6,-2.42251e6,6.07906e-9
1528713900,24543011.730732877,28845024.19294516,4302.012,4.00173e14,0.3946,4.85337e6,-2.42161e6,6.07677e-9
1528713930,24557404.352005105,28862884.1094242,4305.480,4.01051e14,0.6147,4.85676e6,-2.42065e6,6.07434e-9
1528713960,24571861.216267485,28880719.358898707,4308.858,4.00708e14,0.5286,4.85264e6,-2.41963e6,6.07178e-9
1528713990,24586381.860443365,28898529.721528944,4312.148,3.98385e14,0.0541,4.83639e6,-2.41856e6,6.06909e-9
1528714020,24600965.820924103,28916314.978650726,4315.349,3.99100e14,0.1252,4.83848e6,-2.41744e6,6.06626e-9
1528714050,24615612.633598637,28934074.912771072,4318.462,4.00166e14,0.3928,4.84259e6,-2.41627e6,6.06330e-9
1528714080,24630321.83388276,28951809.30756395,4321.487,3.97370e14,0.3086,4.82319e6,-2.41504e6,6.06021e-9
1528714110,24645092.956748303,28969517.947865985,4324.425,3.96483e14,0.5312,4.81526e6,-2.41377e6,6.05699e-9
1528714140,24659925.53675201,28987200.61967209,4327.275,3.98482e14,0.0296,4.82471e6,-2.41244e6,6.05364e-9
1528714170,24674819.108064227,29004857.110131152,4330.038,4.01254e14,0.6658,4.83871e6,-2.41106e6,6.05016e-9
1528714200,24689773.204497308,29022487.207541704,4332.714,4.01101e14,0.6274,4.83491e6,-2.40963e6,6.04656e-9
1528714230,24704787.35951128,29040090.701355886,4335.303,3.97453e14,0.2879,4.80989e6,-2.40815e6,6.04283e-9
1528714260,24719861.106311582,29057667.382149283,4337.806,3.97533e14,0.2678,4.80731e6,-2.40662e6,6.03898e-9
1528714290,24734993.977806862,29075217.04164254,4340.223,4.02364e14,0.9441,4.83331e6,-2.40504e6,6.03500e-9
1528714320,24750185.50665896,29092739.47268855,4342.554,3.99911e14,0.3289,4.81524e6,-2.40341e6,6.03090e-9
1528714350,24765435.22531008,29110234.46926821,4344.799,3.99884e14,0.3220,4.81171e6,-2.40174e6,6.02668e-9
1528714380,24780742.66600965,29127701.82648609,4346.959,4.01341e14,0.6876,4.81702e6,-2.40001e6,6.02234e-9
1528714410,24796107.360841047,29145141.340566095,4349.034,4.03115e14,1.1325,4.82413e6,-2.39824e6,6.01787e-9
1528714440,24811528.841748036,29162552.80884718,4351.024,4.03521e14,1.2344,4.82291e6,-2.39642e6,6.01329e-9
1528714470,24827006.640560985,29179936.029778987,4352.929,3.97119e14,0.3716,4.78068e6,-2.39455e6,6.00859e-9
1528714500,24842540.289022874,29197290.802917536,4354.751,3.97901e14,0.1756,4.78155e6,-2.39264e6,6.00378e-9
1528714530,24858129.318846967,29214616.928918257,4356.488,4.00393e14,0.4498,4.79258e6,-2.39068e6,5.99885e-9
1528714560,24873773.26164405,29231914.209539767,4358.141,3.97807e14,0.1990,4.77305e6,-2.38868e6,5.99380e-9
1528714590,24889471.649046388,29249182.447631426,4359.711,3.96012e14,0.6493,4.75820e6,-2.38663e6,5.98864e-9
1528714620,24905224.01270117,29266421.44713163,4361.197,4.02032e14,0.8609,4.79004e6,-2.38453e6,5.98337e-9
1528714650,24921029.88429555,29283631.013063364,4362.601,4.01771e14,0.7955,4.78417e6,-2.38239e6,5.97798e-9
1528714680,24936888.79558164,29300810.951529898,4363.922,3.99511e14,0.2284,4.76628e6,-2.38020e6,5.97249e-9
1528714710,24952800.27840101,29317961.069710445,4365.161,4.01125e14,0.6334,4.77144e6,-2.37798e6,5.96688e-9
1528714740,24968763.864709236,29335081.175855722,4366.317,3.96928e14,0.4196,4.74185e6,-2.37570e6,5.96116e-9
1528714770,24984779.08659991,29352171.079283647,4367.392,3.96034e14,0.6437,4.73191e6,-2.37339e6,5.95534e-9
1528714800,25000845.476328585,29369230.59037496,4368.385,3.99443e14,0.2113,4.74748e6,-2.37103e6,5.94941e-9
1528714830,25016962.566298228,29386259.52057124,4369.297,4.01374e14,0.6957,4.75414e6,-2.36863e6,5.94337e-9
1528714860,25033129.88920043,29403257.68236313,4370.128,4.00838e14,0.5614,4.74606e6,-2.36619e6,5.93723e-9
1528714890,25049346.977920294,29420224.88929339,4370.878,3.99496e14,0.2247,4.73311e6,-2.36370e6,5.93098e-9
1528714920,25065613.365597244,29437160.95595014,4371.548,4.00083e14,0.3719,4.73152e6,-2.36118e6,5.92463e-9
1528714950,25081928.5856474,29454065.69796253,4372.137,4.01527e14,0.7341,4.73492e6,-2.35861e6,5.91817e-9
1528714980,25098292.171785638,29470938.931996383,4372.647,3.99641e14,0.2611,4.71853e6,-2.35601e6,5.91162e-9
1528715010,25114703.65804741,29487780.475749902,4373.077,4.00129e14,0.3834,4.71610e6,-2.35336e6,5.90496e-9
1528715040,25131162.57881036,29504590.147949334,4373.428,3.99960e14,0.3410,4.70972e6,-2.35067e6,5.89820e-9
1528715070,25147668.468815655,29521367.768344574,4373.699,4.00619e14,0.5065,4.70813e6,-2.34795e6,5.89135e-9
1528715100,25164220.863189068,29538113.157704927,4373.892,4.01627e14,0.7592,4.70851e6,-2.34518e6,5.88440e-9
1528715130,25180819.297503974,29554826.13780857,4374.007,3.99901e14,0.3264,4.69273e6,-2.34238e6,5.87735e-9
1528715160,25197463.30767228,29571506.5314572,4374.043,4.02388e14,0.9501,4.70163e6,-2.33953e6,5.87020e-9
1528715190,25214152.430095017,29588154.162452806,4374.002,3.99553e14,0.2390,4.67922e6,-2.33665e6,5.86296e-9
1528715220,25230886.201640666,29604768.855599366,4373.883,3.96264e14,0.5862,4.65411e6,-2.33374e6,5.85562e-9
1528715250,25247664.159665465,29621350.436698563,4373.686,4.03260e14,1.1691,4.68913e6,-2.33078e6,5.84819e-9
1528715280,25264485.84203343,29637898.732545417,4373.413,4.04471e14,1.4729,4.69017e6,-2.32779e6,5.84067e-9
1528715310,25281350.787136197,29654413.57092395,4373.063,4.00840e14,0.5617,4.66288e6,-2.32476e6,5.83306e-9
1528715340,25298258.533912506,29670894.780602887,4372.636,3.99423e14,0.2062,4.64847e6,-2.32169e6,5.82535e-9
1528715370,25315208.621867534,29687342.191331297,4372.134,4.01949e14,0.8400,4.65695e6,-2.31859e6,5.81756e-9
1528715400,25332200.591091927,29703755.63383435,4371.555,4.00723e14,0.5324,4.64353e6,-2.31546e6,5.80967e-9
1528715430,25349233.982241888,29720134.939822715,4370.901,3.94940e14,0.9184,4.60361e6,-2.31229e6,5.80170e-9
1528715460,25366308.336677063,29736479.94194596,4370.172,3.96651e14,0.4891,4.60713e6,-2.30908e6,5.79364e-9
1528715490,25383423.196359,29752790.47383069,4369.367,4.01800e14,0.8027,4.63045e6,-2.30584e6,5.78550e-9
1528715520,25400578.103907652,29769066.37006273,4368.488,4.04210e14,1.4074,4.63780e6,-2.30256e6,5.77727e-9
1528715550,25417772.602618832,29785307.466182902,4367.535,4.01902e14,0.8284,4.61781e6,-2.29926e6,5.76895e-9
1528715580,25435006.23648133,29801513.59868286,4366.507,4.00370e14,0.4439,4.60226e6,-2.29591e6,5.76055e-9
1528715610,25452278.550193958,29817684.605001047,4365.406,3.99909e14,0.3282,4.59284e6,-2.29254e6,5.75207e-9
1528715640,25469589.08918214,29833820.32351846,4364.231,3.98992e14,0.0983,4.58074e6,-2.28913e6,5.74350e-9
1528715670,25486937.39961438,29849920.593554534,4362.983,3.98215e14,0.0968,4.56939e6,-2.28569e6,5.73486e-9
1528715700,25504323.028418496,29865985.255363002,4361.662,3.97018e14,0.3969,4.55560e6,-2.28222e6,5.72613e-9
1528715730,25521745.523323134,29882014.150103785,4360.269,4.00149e14,0.3884,4.56649e6,-2.27871e6,5.71733e-9
1528715760,25539204.432794712,29898007.11991274,4358.803,4.04200e14,1.4048,4.58253e6,-2.27518e6,5.70844e-9
1528715790,25556699.306131985,29913964.007823434,4357.265,4.02710e14,1.0311,4.56685e6,-2.27161e6,5.69948e-9
1528715820,25574229.693455998,29929884.657786787,4355.655,3.96944e14,0.4156,4.52680e6,-2.26801e6,5.69044e-9
1528715850,25591795.14572531,29945768.91466671,4353.974,3.93919e14,1.1744,4.50237e6,-2.26439e6,5.68132e-9
1528715880,25609395.214751083,29961616.624235854,4352.221,3.97928e14,0.1686,4.51783e6,-2.26073e6,5.67213e-9
1528715910,25627029.45321192,29977427.633171298,4350.398,3.99911e14,0.3288,4.52168e6,-2.25704e6,5.66287e-9
1528715940,25644697.414668486,29993201.78905024,4348.504,3.96318e14,0.5727,4.49392e6,-2.25332e6,5.65353e-9
1528715970,25662398.65357789,30008938.940345757,4346.540,3.98516e14,0.0211,4.49885e6,-2.24958e6,5.64411e-9
1528716000,25680132.725307908,30024638.936422516,4344.506,3.99409e14,0.2029,4.49633e6,-2.24580e6,5.63463e-9
1528716030,25697899.186143618,30040301.627563644,4342.402,3.94897e14,0.9290,4.46333e6,-2.24200e6,5.62507e-9
1528716060,25715697.593323573,30055926.864870902,4340.229,3.96980e14,0.4066,4.46738e6,-2.23817e6,5.61545e-9
1528716090,25733527.50503081,30071514.500356354,4337.987,3.98139e14,0.1157,4.46618e6,-2.23431e6,5.60575e-9
1528716120,25751388.480413385,30087064.386907425,4335.676,3.97413e14,0.2979,4.45434e6,-2.23042e6,5.59598e-9
1528716150,25769280.07959732,30102576.37828307,4333.296,4.01096e14,0.6260,4.46708e6,-2.22651e6,5.58615e-9
1528716180,25787201.86369939,30118050.32910987,4330.848,4.01681e14,0.7728,4.46243e6,-2.22256e6,5.57625e-9
1528716210,25805153.394839693,30133486.094878234,4328.333,3.99113e14,0.1287,4.44017e6,-2.21860e6,5.56628e-9
1528716240,25823134.2361539,30148883.531938527,4325.749,4.03193e14,1.1523,4.45484e6,-2.21460e6,5.55624e-9
1528716270,25841143.951805398,30164242.497497275,4323.099,4.03518e14,1.2338,4.44855e6,-2.21058e6,5.54614e-9
1528716300,25859182.10699706,30179562.84961338,4320.381,3.98490e14,0.0278,4.41256e6,-2.20653e6,5.53598e-9
1528716330,25877248.267977268,30194844.447166044,4317.596,3.96551e14,0.5141,4.39370e6,-2.20246e6,5.52575e-9
1528716360,25895342.002068978,30210087.149937972,4314.745,3.93655e14,1.2406,4.36955e6,-2.19837e6,5.51546e-9
1528716390,25913462.877663117,30225290.818524357,4311.828,3.97831e14,0.1930,4.38434e6,-2.19424e6,5.50510e-9
1528716420,25931610.46423527,30240455.31435712,4308.845,4.01676e14,0.7717,4.39718e6,-2.19010e6,5.49469e-9
1528716450,25949784.332356445,30255580.49970081,4305.796,3.95972e14,0.6595,4.35752e6,-2.18593e6,5.48421e-9
1528716480,25967984.05370356,30270666.237648617,4302.682,3.98846e14,0.0615,4.36488e6,-2.18173e6,5.47368e-9
1528716510,25986209.201069772,30285712.39211837,4299.503,3.98222e14,0.0951,4.35303e6,-2.17751e6,5.46308e-9
1528716540,26004459.34837454,30300718.82784851,4296.259,3.96092e14,0.6293,4.33293e6,-2.17327e6,5.45243e-9
1528716570,26022734.07067359,30315685.410394065,4292.951,4.00726e14,0.5332,4.34964e6,-2.16901e6,5.44171e-9
1528716600,26041032.944168534,30330612.006122652,4289.579,4.02714e14,1.0319,4.35183e6,-2.16472e6,5.43094e-9
1528716630,26059355.54622816,30345498.48222771,4286.143,4.06171e14,1.8994,4.36190e6,-2.16041e6,5.42012e-9
1528716660,26077701.45536151,30360344.70667149,4282.643,4.03648e14,1.2663,4.33950e6,-2.15608e6,5.40924e-9
1528716690,26096070.25126338,30375150.548234303,4279.080,3.99058e14,0.1149,4.30596e6,-2.15172e6,5.39830e-9
1528716720,26114461.5148115,30389915.876493476,4275.454,3.99371e14,0.1933,4.29888e6,-2.14735e6,5.38731e-9
1528716750,26132874.828075398,30404640.561819583,4271.766,4.00382e14,0.4469,4.29550e6,-2.14295e6,5.37626e-9
1528716780,26151309.77432497,30419324.4753727,4268.015,3.96748e14,0.4646,4.26715e6,-2.13853e6,5.36516e-9
1528716810,26169765.9380389,30433967.489098668,4264.202,3.97744e14,0.2148,4.26361e6,-2.13409e6,5.35401e-9
1528716840,26188242.90491294,30448569.475725356,4260.327,3.98416e14,0.0463,4.25829e6,-2.12963e6,5.34281e-9
1528716870,26206740.261867892,30463130.30875894,4256.390,3.98298e14,0.0758,4.24870e6,-2.12515e6,5.33155e-9
1528716900,26225257.597057458,30477649.86248029,4252.392,3.99413e14,0.2039,4.24562e6,-2.12065e6,5.32025e-9
1528716930,26243794.499859106,30492128.011933632,4248.334,4.00798e14,0.5514,4.24392e6,-2.11612e6,5.30890e-9
1528716960,26262350.560933407,30506564.63294645,4244.214,3.98848e14,0.0620,4.22448e6,-2.11158e6,5.29749e-9
1528716990,26280925.372179233,30520959.602102194,4240.034,4.00643e14,0.5124,4.22484e6,-2.10702e6,5.28604e-9
1528717020,26299518.52675751,30535312.796744358,4235.794,4.04218e14,1.4093,4.23451e6,-2.10244e6,5.27454e-9
1528717050,26318129.619098127,30549624.09497268,4231.494,3.98103e14,0.1247,4.19306e6,-2.09785e6,5.26299e-9
1528717080,26336758.244906455,30563893.375639636,4227.135,3.97014e14,0.3981,4.17811e6,-2.09323e6,5.25140e-9
1528717110,26355404.001169845,30578120.518346738,4222.717,3.98698e14,0.0245,4.17768e6,-2.08859e6,5.23976e-9
1528717140,26374066.486163907,30592305.40344095,4218.239,3.97063e14,0.3856,4.15982e6,-2.08394e6,5.22808e-9
1528717170,26392745.2994586,30606447.912011087,4213.703,3.99298e14,0.1751,4.16215e6,-2.07927e6,5.21635e-9
1528717200,26411440.041924167,30620547.92588424,4209.108,3.96506e14,0.5254,4.13822e6,-2.07458e6,5.20457e-9
1528717230,26430150.315761678,30634605.32762833,4204.455,3.95651e14,0.7399,4.12439e6,-2.06987e6,5.19275e-9
1528717260,26448875.72443244,30648620.00052974,4199.744,4.02874e14,1.0721,4.15240e6,-2.06515e6,5.18089e-9
1528717290,26467615.87273998,30662591.828608647,4194.976,3.98903e14,0.0759,4.12234e6,-2.06041e6,5.16899e-9
1528717320,26486370.36681079,30676520.69660949,4190.150,4.01333e14,0.6856,4.12535e6,-2.05565e6,5.15705e-9
1528717350,26505138.814099673,30690406.489997476,4185.268,4.00334e14,0.4348,4.11062e6,-2.05088e6,5.14506e-9
1528717380,26523920.82339489,30704249.09495516,4180.328,3.98568e14,0.0082,4.09195e6,-2.04609e6,5.13303e-9
1528717410,26542716.004823346,30718048.39837899,4175.332,3.97580e14,0.2560,4.07728e6,-2.04129e6,5.12097e-9
1528717440,26561523.969855268,30731804.287875935,4170.280,3.94565e14,1.0124,4.05224e6,-2.03646e6,5.10886e-9
1528717470,26580344.331309073,30745516.65176001,4165.172,4.01722e14,0.7831,4.07909e6,-2.03163e6,5.09672e-9
1528717500,26599176.70335583,30759185.379048925,4160.009,4.00753e14,0.5400,4.06442e6,-2.02678e6,5.08453e-9
1528717530,26618020.701492205,30772810.359452646,4154.790,3.98639e14,0.0097,4.04393e6,-2.02191e6,5.07231e-9
1528717560,26636875.942641724,30786391.48339483,4149.516,3.97066e14,0.3850,4.02620e6,-2.01703e6,5.06006e-9
1528717590,26655742.045061383,30799928.641984545,4144.187,3.94814e14,0.9499,4.00506e6,-2.01213e6,5.04776e-9
1528717620,26674618.628376957,30813421.727020867,4138.803,4.01077e14,0.6214,4.02682e6,-2.00722e6,5.03543e-9
1528717650,26693505.31358637,30826870.63098957,4133.365,4.00802e14,0.5523,4.01555e6,-2.00229e6,5.02306e-9
1528717680,26712401.723063093,30840275.247059584,4127.874,3.95706e14,0.7262,3.98010e6,-1.99735e6,5.01066e-9
1528717710,26731307.480559386,30853635.469079737,4122.328,3.98380e14,0.0554,3.98359e6,-1.99240e6,4.99823e-9
1528717740,26750222.21120928,30866951.191575333,4116.729,3.99895e14,0.3247,3.98121e6,-1.98743e6,4.98576e-9
1528717770,26769145.54153151,30880222.30974475,4111.077,3.95313e14,0.8248,3.94845e6,-1.98245e6,4.97325e-9
1528717800,26788077.099432353,30893448.719456166,4105.372,3.91487e14,1.7847,3.91952e6,-1.97746e6,4.96072e-9
1528717830,26807016.51424218,30906630.31724847,4099.614,3.91406e14,1.8048,3.90919e6,-1.97245e6,4.94815e-9
1528717860,26825963.416613415,30919767.00031475,4093.804,3.93672e14,1.2364,3.91042e6,-1.96744e6,4.93555e-9
1528717890,26844917.438627873,30932858.6665123,4087.941,3.94827e14,0.9467,3.90610e6,-1.96240e6,4.92292e-9
1528717920,26863878.21376536,30945905.2143551,4082.027,3.97049e14,0.3892,3.90697e6,-1.95736e6,4.91025e-9
1528717950,26882845.37690613,30958906.543010585,4076.061,4.01671e14,0.7704,3.91951e6,-1.95230e6,4.89756e-9
1528717980,26901818.564333156,30971862.552296467,4070.044,4.00295e14,0.4251,3.90261e6,-1.94724e6,4.88484e-9
1528718010,26920797.41373443,30984773.142677583,4063.976,3.98445e14,0.0391,3.88341e6,-1.94216e6,4.87209e-9
1528718040,26939781.56420489,30997638.21526272,4057.857,4.01590e14,0.7501,3.88851e6,-1.93707e6,4.85930e-9
1528718070,26958770.65624854,31010457.671801556,4051.687,4.02586e14,0.9999,3.88309e6,-1.93196e6,4.84649e-9
1528718100,26977764.331780102,31023231.414681505,4045.467,3.97209e14,0.3490,3.84682e6,-1.92685e6,4.83366e-9
1528718130,26996762.23409473,31035959.346930545,4039.197,3.92644e14,1.4944,3.81458e6,-1.92172e6,4.82079e-9
1528718160,27015764.007968526,31048641.372196138,4032.877,3.97063e14,0.3856,3.82563e6,-1.91659e6,4.80790e-9
1528718190,27034769.299560666,31061277.394760195,4026.508,4.01166e14,0.6437,3.83503e6,-1.91144e6,4.79498e-9
1528718220,27053777.756446566,31073867.319530264,4020.090,4.03941e14,1.3399,3.83795e6,-1.90629e6,4.78203e-9
1528718250,27072789.02761887,31086411.052036613,4013.622,4.00550e14,0.4892,3.81137e6,-1.90112e6,4.76906e-9
1528718280,27091802.76348824,31098908.498429257,4007.106,3.93305e14,1.3285,3.76652e6,-1.89594e6,4.75606e-9
1528718310,27110818.615884088,31111359.565475114,4000.541,3.99296e14,0.1745,3.78463e6,-1.89075e6,4.74304e-9
1528718340,27129836.238055155,31123764.160554983,3993.928,4.04105e14,1.3809,3.79697e6,-1.88556e6,4.73000e-9
1528718370,27148855.284669984,31136122.191660747,3987.267,4.02020e14,0.8580,3.77665e6,-1.88035e6,4.71693e-9
1528718400,27167875.41181732,31148433.567392413,3980.558,3.96272e14,0.5842,3.73913e6,-1.87513e6,4.70384e-9
1528718430,27186896.27703224,31160698.196942274,3973.802,4.01217e14,0.6565,3.75191e6,-1.86991e6,4.69072e-9
1528718460,27205917.539216608,31172915.990131956,3966.998,4.04676e14,1.5242,3.75758e6,-1.86468e6,4.67758e-9
1528718490,27224938.85871922,31185086.857369654,3960.148,3.98860e14,0.0652,3.71988e6,-1.85943e6,4.66442e-9
1528718520,27243959.897310115,31197210.709660042,3953.251,3.97463e14,0.2854,3.70287e6,-1.85418e6,4.65124e-9
1528718550,27262980.318180706,31209287.458601333,3946.307,3.97355e14,0.3124,3.69187e6,-1.84892e6,4.63803e-9
1528718580,27281999.78594372,31221317.016382292,3939.317,3.98174e14,0.1071,3.68513e6,-1.84365e6,4.62481e-9
1528718610,27301017.96663329,31233299.295779333,3932.281,3.97996e14,0.1515,3.67376e6,-1.83837e6,4.61156e-9
1528718640,27320034.527704675,31245234.210153557,3925.200,4.00893e14,0.5752,3.67651e6,-1.83309e6,4.59829e-9
1528718670,27339049.13803408,31257121.673447873,3918.073,3.98318e14,0.0708,3.65409e6,-1.82780e6,4.58501e-9
1528718700,27358061.46791834,31268961.600184027,3910.900,3.94569e14,1.0115,3.62635e6,-1.82250e6,4.57170e-9
1528718730,27377071.189059373,31280753.905469704,3903.683,3.97228e14,0.3444,3.62790e6,-1.81719e6,4.55838e-9
1528718760,27396077.97461031,31292498.504965186,3896.421,3.97952e14,0.1628,3.62058e6,-1.81187e6,4.54503e-9
1528718790,27415081.499127995,31304195.314910907,3889.114,3.95470e14,0.7853,3.59869e6,-1.80655e6,4.53167e-9
1528718820,27434081.43858735,31315844.252114806,3881.763,3.94771e14,0.9607,3.58491e6,-1.80122e6,4.51829e-9
1528718850,27453077.470380485,31327445.233949725,3874.368,3.98267e14,0.0836,3.59003e6,-1.79588e6,4.50490e-9
1528718880,27472069.273315683,31338998.178350635,3866.929,4.00437e14,0.4607,3.58909e6,-1.79054e6,4.49148e-9
1528718910,27491056.527616378,31350503.003812023,3859.446,4.01175e14,0.6459,3.58167e6,-1.78519e6,4.47805e-9
1528718940,27510038.914919905,31361959.62938521,3851.921,3.99371e14,0.1932,3.56286e6,-1.77983e6,4.46460e-9
1528718970,27529016.118276305,31373367.974675715,3844.352,3.98551e14,0.0123,3.54847e6,-1.77446e6,4.45114e-9
1528719000,27547987.822146937,31384727.9598407,3836.740,3.96232e14,0.5942,3.52744e6,-1.76909e6,4.43766e-9
1528719030,27566953.712407246,31396039.50558684,3829.086,3.96001e14,0.6521,3.51569e6,-1.76372e6,4.42417e-9
1528719060,27585913.476332407,31407302.533166155,3821.389,3.99151e14,0.1382,3.51885e6,-1.75833e6,4.41066e-9
1528719090,27604866.802608825,31418516.964375246,3813.650,3.96472e14,0.5340,3.49628e6,-1.75295e6,4.39713e-9
1528719120,27623813.38132819,31429682.72155218,3805.869,3.90595e14,2.0085,3.45976e6,-1.74755e6,4.38359e-9
1528719150,27642752.903985914,31440799.72757395,3798.047,3.93404e14,1.3036,3.46134e6,-1.74215e6,4.37004e-9
1528719180,27661685.063479234,31451867.90585396,3790.183,3.96235e14,0.5935,3.46293e6,-1.73675e6,4.35647e-9
1528719210,27680609.554105543,31462887.18033956,3782.278,3.99162e14,0.1410,3.46486e6,-1.73134e6,4.34289e-9
1528719240,27699526.0715604,31473857.47550957,3774.331,4.01386e14,0.6987,3.46364e6,-1.72592e6,4.32930e-9
1528719270,27718434.312935583,31484778.716371723,3766.344,4.02207e14,0.9047,3.45630e6,-1.72050e6,4.31569e-9
1528719300,27737333.976717096,31495650.82846025,3758.317,4.02326e14,0.9346,3.44591e6,-1.71507e6,4.30208e-9
1528719330,27756224.762784246,31506473.737823773,3750.249,3.98398e14,0.0509,3.41815e6,-1.70964e6,4.28845e-9
1528719360,27775106.372404035,31517247.37105265,3742.141,3.97192e14,0.3534,3.40212e6,-1.70421e6,4.27480e-9
1528719390,27793978.508232255,31527971.655246444,3733.993,3.96132e14,0.6192,3.38675e6,-1.69877e6,4.26115e-9
1528719420,27812840.874310173,31538646.518021222,3725.806,3.98762e14,0.0406,3.38706e6,-1.69332e6,4.24748e-9
1528719450,27831693.176062305,31549271.88750702,3717.579,3.97840e14,0.1909,3.37225e6,-1.68787e6,4.23381e-9
1528719480,27850535.120293923,31559847.69234531,3709.313,3.97365e14,0.3099,3.35935e6,-1.68242e6,4.22012e-9
1528719510,27869366.415188786,31570373.86168664,3701.007,3.98433e14,0.0420,3.35294e6,-1.67696e6,4.20642e-9
1528719540,27888186.770306576,31580850.32518808,3692.664,3.95174e14,0.8595,3.32835e6,-1.67150e6,4.19272e-9
1528719570,27906995.896580406,31591277.013010826,3684.281,3.94647e14,0.9918,3.31526e6,-1.66603e6,4.17900e-9
1528719600,27925793.50631425,31601653.85581773,3675.860,4.00636e14,0.5107,3.32932e6,-1.66056e6,4.16527e-9
1528719630,27944579.31318207,31611980.784782473,3667.401,4.00535e14,0.4853,3.31793e6,-1.65509e6,4.15154e-9
1528719660,27963353.032219578,31622257.731551707,3658.905,3.95553e14,0.7645,3.28633e6,-1.64962e6,4.13780e-9
1528719690,27982114.37982729,31632484.628278337,3650.370,3.94657e14,0.9893,3.27172e6,-1.64414e6,4.12404e-9
1528719720,28000863.07376582,31642661.40760774,3641.798,3.97272e14,0.3334,3.27155e6,-1.63865e6,4.11028e-9
1528719750,28019598.833153058,31652788.002675526,3633.189,3.98931e14,0.0830,3.26739e6,-1.63316e6,4.09651e-9
1528719780,28038321.37846128,31662864.34710537,3624.543,3.97546e14,0.2646,3.25075e6,-1.62768e6,4.08273e-9
1528719810,28057030.431514263,31672890.375006802,3615.860,4.01386e14,0.6989,3.25540e6,-1.62218e6,4.06895e-9
1528719840,28075725.71548422,31682866.020973094,3607.140,4.03306e14,1.1805,3.25215e6,-1.61669e6,4.05516e-9
1528719870,28094406.954888817,31692791.22007905,3598.384,3.96495e14,0.5283,3.21356e6,-1.61119e6,4.04136e-9
1528719900,28113073.87558803,31702665.907878913,3589.592,4.00125e14,0.3826,3.21721e6,-1.60569e6,4.02755e-9
1528719930,28131726.20476946,31712490.020398505,3580.764,4.00109e14,0.3784,3.20611e6,-1.60018e6,4.01374e-9
1528719960,28150363.670980964,31722263.494150832,3571.900,3.98377e14,0.0561,3.18815e6,-1.59468e6,3.99992e-9
1528719990,28168986.00409131,31731986.266116206,3563.000,4.00654e14,0.5152,3.18621e6,-1.58917e6,3.98609e-9
1528720020,28187592.935298543,31741658.273745857,3554.065,3.96174e14,0.6087,3.15736e6,-1.58365e6,3.97226e-9
1528720050,28206184.197126556,31751279.454959825,3545.095,3.95220e14,0.8480,3.14259e6,-1.57814e6,3.95842e-9
1528720080,28224759.52342168,31760849.748144798,3536.090,3.94244e14,1.0928,3.12775e6,-1.57263e6,3.94458e-9
1528720110,28243318.649349224,31770369.092152115,3527.050,3.92275e14,1.5870,3.10903e6,-1.56711e6,3.93073e-9
1528720140,28261861.311389957,31779837.426295586,3517.976,3.96639e14,0.4920,3.11518e6,-1.56159e6,3.91688e-9
1528720170,28280387.247336615,31789254.6903494,3508.867,3.97121e14,0.3713,3.10604e6,-1.55606e6,3.90302e-9
1528720200,28298896.196290325,31798620.82454611,3499.725,3.94663e14,0.9879,3.08545e6,-1.55054e6,3.88916e-9
1528720230,28317387.898681317,31807935.76957185,3490.548,3.91564e14,1.7652,3.06244e6,-1.54502e6,3.87530e-9
1528720260,28335862.09619056,31817199.46657257,3481.337,3.90469e14,2.0400,3.04726e6,-1.53949e6,3.86143e-9
1528720290,28354318.531821225,31826411.857143644,3472.093,4.02206e14,0.9045,3.08147e6,-1.53396e6,3.84755e-9
1528720320,28372756.949870918,31835572.883330543,3462.816,4.00246e14,0.4128,3.06284e6,-1.52843e6,3.83367e-9
1528720350,28391177.095928226,31844682.487626776,3453.505,3.97104e14,0.3754,3.03975e6,-1.52290e6,3.81979e-9
1528720380,28409578.716869187,31853740.612971947,3444.162,3.98740e14,0.0351,3.03493e6,-1.51736e6,3.80591e-9
1528720410,28427961.560853813,31862747.20274969,3434.786,3.97951e14,0.1629,3.02087e6,-1.51183e6,3.79202e-9
1528720440,28446325.377322473,31871702.200785715,3425.377,3.99143e14,0.1362,3.01431e6,-1.50630e6,3.77813e-9
1528720470,28464669.916992325,31880605.551345907,3415.936,3.96925e14,0.4203,2.99488e6,-1.50076e6,3.76424e-9
1528720500,28482994.931853645,31889457.199134294,3406.462,3.99265e14,0.1666,2.99260e6,-1.49522e6,3.75034e-9
1528720530,28501300.17513382,31898257.08930013,3396.957,3.97104e14,0.3755,2.97344e6,-1.48968e6,3.73644e-9
1528720560,28519585.40139338,31907005.16740828,3387.420,3.96213e14,0.5989,2.95906e6,-1.48414e6,3.72254e-9
1528720590,28537850.366422117,31915701.37946531,3377.851,4.00463e14,0.4672,2.96378e6,-1.47860e6,3.70864e-9
1528720620,28556094.827267483,31924345.671908583,3368.251,4.02527e14,0.9850,2.96029e6,-1.47306e6,3.69474e-9
1528720650,28574318.54223051,31932937.991604414,3358.619,3.97504e14,0.2750,2.93067e6,-1.46752e6,3.68083e-9
1528720680,28592521.270861585,31941478.285846386,3348.957,3.98918e14,0.0798,2.92478e6,-1.46198e6,3.66693e-9
1528720710,28610702.77395643,31949966.50235355,3339.264,3.99700e14,0.2759,2.91655e6,-1.45644e6,3.65302e-9
1528720740,28628862.813551866,31958402.58926868,3329.540,3.95161e14,0.8629,2.88893e6,-1.45089e6,3.63911e-9
1528720770,28647001.15292162,31966786.495156497,3319.785,3.93798e14,1.2047,2.87295e6,-1.44535e6,3.62520e-9
1528720800,28665117.556572117,31975118.16900194,3310.001,3.99783e14,0.2966,2.88354e6,-1.43981e6,3.61129e-9
1528720830,28683211.790268414,31983397.560195696,3300.186,4.06096e14,1.8806,2.89515e6,-1.43426e6,3.59738e-9
1528720860,28701283.620937083,31991624.618572023,3290.341,3.97901e14,0.1756,2.85458e6,-1.42872e6,3.58347e-9
1528720890,28719332.816755146,31999799.29436716,3280.466,3.95368e14,0.8109,2.83446e6,-1.42317e6,3.56955e-9
1528720920,28737359.14711592,32007921.53823046,3270.562,3.92534e14,1.5219,2.81334e6,-1.41763e6,3.55564e-9
1528720950,28755362.38262499,32015991.301222615,3260.629,3.94271e14,1.0862,2.80849e6,-1.41209e6,3.54173e-9
1528720980,28773342.295096233,32024008.534813903,3250.666,3.98828e14,0.0571,2.81354e6,-1.40654e6,3.52782e-9
1528721010,28791298.65754779,32031973.190882467,3240.675,3.98221e14,0.0953,2.80031e6,-1.40100e6,3.51391e-9
1528721040,28809231.244198035,32039885.22171251,3230.654,3.99247e14,0.1623,2.79282e6,-1.39545e6,3.50000e-9
1528721070,28827139.830461577,32047744.57999269,3220.605,3.98881e14,0.0704,2.78045e6,-1.38991e6,3.48609e-9
1528721100,28845024.19294516,32055551.218814295,3210.527,3.95182e14,0.8576,2.75651e6,-1.38437e6,3.47218e-9
1528721130,28862884.1094242,32063305.091687147,3200.421,3.97366e14,0.3096,2.75303e6,-1.37883e6,3.45827e-9
1528721160,28880719.358898707,32071006.152483955,3190.287,3.98559e14,0.0105,2.74606e6,-1.37328e6,3.44436e-9
1528721190,28898529.721528944,32078654.35549299,3180.125,3.99280e14,0.1706,2.73746e6,-1.36774e6,3.43046e-9
1528721220,28916314.978650726,32086249.655398972,3169.935,4.02077e14,0.8723,2.73592e6,-1.36220e6,3.41655e-9
1528721250,28934074.912771072,32093792.007281616,3159.717,3.99835e14,0.3097,2.71716e6,-1.35666e6,3.40265e-9
1528721280,28951809.30756395,32101281.366614155,3149.472,4.00195e14,0.4000,2.70728e6,-1.35112e6,3.38875e-9
1528721310,28969517.947865985,32108717.689261913,3139.200,3.99226e14,0.1571,2.69291e6,-1.34558e6,3.37485e-9
1528721340,28987200.61967209,32116100.93148086,3128.900,3.92256e14,1.5917,2.65840e6,-1.34004e6,3.36095e-9
1528721370,29004857.110131152,32123431.049916126,3118.574,3.93632e14,1.2465,2.65201e6,-1.33450e6,3.34706e-9
1528721400,29022487.207541704,32130708.001600627,3108.221,3.99015e14,0.1039,2.65895e6,-1.32897e6,3.33317e-9
1528721430,29040090.701355886,32137931.743929904,3097.841,3.94568e14,1.0116,2.63311e6,-1.32343e6,3.31928e-9
1528721460,29057667.382149283,32145102.234733853,3087.435,3.92563e14,1.5146,2.61547e6,-1.31789e6,3.30539e-9
1528721490,29075217.04164254,32152219.432201788,3077.002,3.91201e14,1.8563,2.60000e6,-1.31236e6,3.29150e-9
1528721520,29092739.47268855,32159283.29490463,3066.544,3.90947e14,1.9200,2.58820e6,-1.30683e6,3.27762e-9
1528721550,29110234.46926821,32166293.781793367,3056.059,3.93349e14,1.3176,2.58508e6,-1.30130e6,3.26374e-9
1528721580,29127701.82648609,32173250.852197424,3045.549,3.95623e14,0.7469,2.58148e6,-1.29576e6,3.24986e-9
1528721610,29145141.340566095,32180154.465823118,3035.013,3.91303e14,1.8308,2.55648e6,-1.29023e6,3.23598e-9
1528721640,29162552.80884718,32187004.582752116,3024.452,3.95615e14,0.7489,2.55942e6,-1.28471e6,3.22211e-9
1528721670,29179936.029778987,32193801.163439874,3013.865,3.99577e14,0.2449,2.56112e6,-1.27918e6,3.20824e-9
1528721700,29197290.802917536,32200544.168714162,3003.253,3.90344e14,2.0712,2.52056e6,-1.27365e6,3.19438e-9
1528721730,29214616.928918257,32207233.559799913,2992.617,3.94526e14,1.0221,2.52292e6,-1.26813e6,3.18052e-9
1528721760,29231914.209539767,32213869.298236463,2981.955,4.00807e14,0.5535,2.53182e6,-1.26260e6,3.16666e-9
1528721790,29249182.447631426,32220451.34595778,2971.269,4.02224e14,0.9091,2.52521e6,-1.25708e6,3.15280e-9
1528721820,29266421.44713163,32226979.665264804,2960.558,3.94431e14,1.0461,2.48966e6,-1.25156e6,3.13895e-9
1528721850,29283631.013063364,32233454.218824256,2949.823,3.94817e14,0.9493,2.47988e6,-1.24604e6,3.12510e-9
1528721880,29300810.951529898,32239874.9696675,2939.064,4.00376e14,0.4456,2.48620e6,-1.24052e6,3.11126e-9
1528721910,29317961.069710445,32246241.88118939,2928.281,3.92364e14,1.5647,2.45032e6,-1.23501e6,3.09742e-9
1528721940,29335081.175855722,32252554.917147156,2917.474,3.98478e14,0.0307,2.45823e6,-1.22949e6,3.08358e-9
1528721970,29352171.079283647,32258814.04165926,2906.643,3.98661e14,0.0151,2.44777e6,-1.22398e6,3.06975e-9
1528722000,29369230.59037496,32265019.21920432,2895.789,3.92565e14,1.5142,2.41812e6,-1.21847e6,3.05592e-9
1528722030,29386259.52057124,32271170.41460253,2884.911,4.00540e14,0.4866,2.43144e6,-1.21296e6,3.04210e-9
1528722060,29403257.68236313,32277267.593068507,2874.010,3.97559e14,0.2614,2.41137e6,-1.20745e6,3.02828e-9
1528722090,29420224.88929339,32283310.720155988,2863.086,3.98570e14,0.0077,2.40342e6,-1.20195e6,3.01447e-9
1528722120,29437160.95595014,32289299.76177415,2852.139,4.01307e14,0.6790,2.40063e6,-1.19644e6,3.00066e-9
1528722150,29454065.69796253,32295234.6841864,2841.169,3.98187e14,0.1037,2.38026e6,-1.19094e6,2.98685e-9
1528722180,29470938.931996383,32301115.454009123,2830.177,4.00823e14,0.5575,2.37710e6,-1.18544e6,2.97305e-9
1528722210,29487780.475749902,32306942.038210478,2819.162,3.91385e14,1.8103,2.33815e6,-1.17994e6,2.95925e-9
1528722240,29504590.147949334,32312714.404109105,2808.124,3.86150e14,3.1235,2.31183e6,-1.17444e6,2.94546e-9
1528722270,29521367.768344574,32318432.519372962,2797.065,3.91300e14,1.8315,2.31611e6,-1.16895e6,2.93167e-9
1528722300,29538113.157704927,32324096.352018017,2785.983,3.95929e14,0.6702,2.31873e6,-1.16346e6,2.91789e-9
1528722330,29554826.13780857,32329705.870404102,2774.880,3.97131e14,0.3688,2.31128e6,-1.15796e6,2.90412e-9
1528722360,29571506.5314572,32335261.043242797,2763.755,3.99090e14,0.1228,2.30598e6,-1.15248e6,2.89034e-9
1528722390,29588154.162452806,32340761.8395872,2752.608,3.93564e14,1.2634,2.27911e6,-1.14699e6,2.87658e-9
1528722420,29604768.855599366,32346208.228833597,2741.439,3.94154e14,1.1155,2.26989e6,-1.14150e6,2.86282e-9
1528722450,29621350.436698563,32351600.180720247,2730.250,3.96596e14,0.5030,2.26595e6,-1.13602e6,2.84906e-9
1528722480,29637898.732545417,32356937.66532625,2719.039,3.84923e14,3.4313,2.22192e6,-1.13054e6,2.83531e-9
1528722510,29654413.57092395,32362220.653070357,2707.807,3.97781e14,0.2056,2.24743e6,-1.12506e6,2.82157e-9
1528722540,29670894.780602887,32367449.114709828,2696.554,4.07173e14,2.1508,2.26286e6,-1.11958e6,2.80783e-9
1528722570,29687342.191331297,32372623.021339364,2685.281,3.97627e14,0.2443,2.22512e6,-1.11411e6,2.79409e-9
1528722600,29703755.63383435,32377742.34438998,2673.987,4.04375e14,1.4487,2.23295e6,-1.10864e6,2.78036e-9
1528722630,29720134.939822715,32382807.055650834,2662.672,4.09258e14,2.6737,2.23544e6,-1.10317e6,2.76664e-9
1528722660,29736479.94194596,32387817.127197806,2651.337,3.99938e14,0.3354,2.19870e6,-1.09770e6,2.75292e-9
1528722690,29752790.47383069,32392772.531462952,2639.982,3.89825e14,2.2015,2.16005e6,-1.09224e6,2.73921e-9
1528722720,29769066.37006273,32397673.24121098,2628.607,3.85727e14,3.2296,2.13807e6,-1.08677e6,2.72550e-9
1528722750,29785307.466182902,32402519.229538333,2617.212,3.91613e14,1.7529,2.14329e6,-1.08131e6,2.71180e-9
1528722780,29801513.59868286,32407310.469872583,2605.797,4.02529e14,0.9857,2.16192e6,-1.07585e6,2.69811e-9
1528722810,29817684.605001047,32412046.935971532,2594.362,3.97374e14,0.3078,2.13711e6,-1.07040e6,2.68442e-9
1528722840,29833820.32351846,32416728.601922605,2582.908,3.87100e14,2.8851,2.09879e6,-1.06494e6,2.67074e-9
1528722870,29849920.593554534,32421355.44214199,2571.435,3.88893e14,2.4354,2.09280e6,-1.05949e6,2.65706e-9
1528722900,29865985.255363002,32425927.431373954,2559.942,3.91560e14,1.7664,2.08909e6,-1.05404e6,2.64339e-9
1528722930,29882014.150103785,32430444.544661116,2548.430,3.92135e14,1.6220,2.07980e6,-1.04860e6,2.62972e-9
1528722960,29898007.11991274,32434906.75743309,2536.900,3.91692e14,1.7331,2.06784e6,-1.04315e6,2.61606e-9
1528722990,29913964.007823434,32439314.045416158,2525.350,3.94588e14,1.0066,2.06459e6,-1.03771e6,2.60241e-9
1528723020,29929884.657786787,32443666.38466129,2513.782,3.93505e14,1.2783,2.05096e6,-1.03227e6,2.58876e-9
1528723050,29945768.91466671,32447963.75154316,2502.195,3.98868e14,0.0670,2.05397e6,-1.02683e6,2.57512e-9
1528723080,29961616.624235854,32452206.122759204,2490.589,4.04111e14,1.3825,2.05653e6,-1.02140e6,2.56149e-9
1528723110,29977427.633171298,32456393.475328635,2478.966,3.97370e14,0.3086,2.02841e6,-1.01597e6,2.54786e-9
1528723140,29993201.78905024,32460525.786591496,2467.324,3.99429e14,0.2079,2.02279e6,-1.01054e6,2.53424e-9
1528723170,30008938.940345757,32464603.034207687,2455.664,3.90612e14,2.0041,1.98970e6,-1.00511e6,2.52062e-9
1528723200,30024638.936422516,32468625.196156062,2443.986,3.90028e14,2.1507,1.97749e6,-9.99685e5,2.50702e-9
1528723230,30040301.627563644,32472592.250755593,2432.291,3.95036e14,0.8943,1.97925e6,-9.94263e5,2.49341e-9
1528723260,30055926.864870902,32476504.176596206,2420.577,3.97338e14,0.3167,1.97417e6,-9.88844e5,2.47982e-9
1528723290,30071514.500356354,32480360.952606376,2408.846,4.04793e14,1.5535,1.98174e6,-9.83427e5,2.46623e-9
1528723320,30087064.386907425,32484162.5580302,2397.098,4.06986e14,2.1038,1.97620e6,-9.78012e5,2.45264e-9
1528723350,30102576.37828307,32487908.972426772,2385.333,3.98904e14,0.0761,1.94555e6,-9.72600e5,2.43907e-9
1528723380,30118050.32910987,32491600.175669465,2373.550,3.86606e14,3.0091,1.90490e6,-9.67191e5,2.42550e-9
1528723410,30133486.094878234,32495236.147945315,2361.750,3.94603e14,1.0027,1.91354e6,-9.61784e5,2.41193e-9
1528723440,30148883.531938527,32498816.869754367,2349.933,3.93279e14,1.3352,1.89961e6,-9.56380e5,2.39837e-9
1528723470,30164242.497497275,32502342.32190904,2338.100,3.86385e14,3.0645,1.87244e6,-9.50979e5,2.38482e-9
1528723500,30179562.84961338,32505812.485533535,2326.250,3.98353e14,0.0622,1.89018e6,-9.45580e5,2.37128e-9
1528723530,30194844.447166044,32509227.342048645,2314.383,4.08424e14,2.4646,1.90314e6,-9.40183e5,2.35774e-9
1528723560,30210087.149937972,32512586.873216182,2302.500,4.04925e14,1.5866,1.88402e6,-9.34789e5,2.34421e-9
1528723590,30225290.818524357,32515891.061093263,2290.600,3.99765e14,0.2922,1.86112e6,-9.29398e5,2.33068e-9
1528723620,30240455.31435712,32519139.8880462,2278.685,3.97952e14,0.1627,1.84613e6,-9.24010e5,2.31716e-9
1528723650,30255580.49970081,32522333.336749893,2266.753,3.98985e14,0.0966,1.83775e6,-9.18624e5,2.30365e-9
1528723680,30270666.237648617,32525471.390187103,2254.805,3.84497e14,3.5382,1.79380e6,-9.13241e5,2.29015e-9
1528723710,30285712.39211837,32528554.03164787,2242.842,3.84962e14,3.4215,1.78428e6,-9.07860e5,2.27665e-9
1528723740,30300718.82784851,32531581.244728867,2230.862,3.99452e14,0.2136,1.80650e6,-9.02482e5,2.26316e-9
1528723770,30315685.410394065,32534553.013332736,2218.868,3.93728e14,1.2224,1.78286e6,-8.97107e5,2.24967e-9
1528723800,30330612.006122652,32537469.321667545,2206.857,3.80968e14,4.4237,1.74365e6,-8.91734e5,2.23619e-9
1528723830,30345498.48222771,32540330.15426261,2194.832,3.79025e14,4.9110,1.72883e6,-8.86364e5,2.22272e-9
1528723860,30360344.70667149,32543135.495917175,2182.791,3.87025e14,2.9040,1.73603e6,-8.80996e5,2.20926e-9
1528723890,30375150.548234303,32545885.331750747,2170.735,3.95422e14,0.7973,1.74390e6,-8.75631e5,2.19580e-9
1528723920,30389915.876493476,32548579.64718622,2158.664,4.00417e14,0.4558,1.74412e6,-8.70269e5,2.18235e-9
1528723950,30404640.561819583,32551218.427949384,2146.578,3.95667e14,0.7360,1.72307e6,-8.64910e5,2.16890e-9
1528723980,30419324.4753727,32553801.6600686,2134.477,3.92253e14,1.5924,1.70504e6,-8.59553e5,2.15546e-9
1528724010,30433967.489098668,32556329.329874378,2122.362,3.82392e14,4.0665,1.67329e6,-8.54199e5,2.14203e-9
1528724040,30448569.475725356,32558801.423998937,2110.232,3.89801e14,2.2075,1.67858e6,-8.48847e5,2.12860e-9
1528724070,30463130.30875894,32561217.929375853,2098.088,4.01350e14,0.6897,1.69243e6,-8.43498e5,2.11519e-9
1528724100,30477649.86248029,32563578.83323961,2085.929,4.00437e14,0.4607,1.67978e6,-8.38152e5,2.10177e-9
1528724130,30492128.011933632,32565884.123098146,2073.756,3.91428e14,1.7993,1.65025e6,-8.32808e5,2.08837e-9
1528724160,30506564.63294645,32568133.786816068,2061.569,3.93364e14,1.3138,1.64368e6,-8.27467e5,2.07497e-9
1528724190,30520959.602102194,32570327.812530395,2049.368,3.91233e14,1.8483,1.62869e6,-8.22129e5,2.06158e-9
1528724220,30535312.796744358,32572466.18867711,2037.153,3.81769e14,4.2227,1.59873e6,-8.16793e5,2.04819e-9
1528724250,30549624.09497268,32574548.903990544,2024.925,3.90252e14,2.0944,1.60555e6,-8.11460e5,2.03481e-9
1528724280,30563893.375639636,32576575.947502833,2012.683,3.96832e14,0.4435,1.60830e6,-8.06130e5,2.02144e-9
1528724310,30578120.518346738,32578547.308543354,2000.427,3.95624e14,0.7467,1.59525e6,-8.00802e5,2.00808e-9
1528733610,32577854.67012111,30572845.29930504,2005.009,3.94677e14,0.9843,-1.59698e6,8.02468e5,-2.01307e-9
1528733640,32575863.528923202,30558600.90390249,2017.263,4.01732e14,0.7855,-1.62188e6,8.07800e5,-2.02644e-9
1528733670,32573816.70608539,30544314.401920997,2029.502,3.94212e14,1.1011,-1.61725e6,8.13135e5,-2.03981e-9
1528733700,32571714.212309,30529985.9140605,2041.728,3.97567e14,0.2594,-1.63476e6,8.18472e5,-2.05320e-9
1528733730,32569556.05861793,30515615.561769973,2053.940,4.04517e14,1.4844,-1.65978e6,8.23813e5,-2.06659e-9
1528733760,32567342.256280847,30501203.467257615,2066.139,3.79379e14,4.8221,-1.61826e6,8.29155e5,-2.07998e-9
1528733790,32565072.81688971,30486749.753487915,2078.323,3.83659e14,3.7484,-1.63765e6,8.34501e5,-2.09339e-9
1528733820,32562747.752335124,30472254.54418758,2090.493,4.10900e14,3.0858,-1.70553e6,8.39849e5,-2.10680e-9
1528733850,32560367.074806873,30457717.963849172,2102.649,4.09287e14,2.6811,-1.71298e6,8.45199e5,-2.12022e-9
1528733880,32557930.796794415,30443140.137734868,2114.791,3.97559e14,0.2613,-1.69880e6,8.50553e5,-2.13364e-9
1528733910,32555438.931087647,30428521.191880234,2126.918,3.92772e14,1.4622,-1.69922e6,8.55909e5,-2.14707e-9
1528733940,32552891.490777407,30413861.25309791,2139.030,3.86893e14,2.9371,-1.69715e6,8.61268e5,-2.16051e-9
1528733970,32550288.489256125,30399160.44898142,2151.128,3.94317e14,1.0746,-1.72386e6,8.66629e5,-2.17395e-9
1528734000,32547629.940218426,30384418.907908868,2163.211,3.99273e14,0.1688,-1.74536e6,8.71993e5,-2.18740e-9
1528734030,32544915.857634913,30369636.7590387,2175.279,3.91475e14,1.7875,-1.73894e6,8.77360e5,-2.20086e-9
1528734060,32542146.255835593,30354814.132338334,2187.332,3.96808e14,0.4497,-1.76139e6,8.82729e5,-2.21432e-9
1528734090,32539321.14942752,30339951.15856311,2199.370,3.92199e14,1.6061,-1.76184e6,8.88101e5,-2.22779e-9
1528734120,32536440.553322077,30325047.969268054,2211.393,3.90157e14,2.1182,-1.76792e6,8.93476e5,-2.24127e-9
1528734150,32533504.48273534,30310104.696811534,2223.400,3.92087e14,1.6341,-1.78291e6,8.98854e5,-2.25475e-9
1528734180,32530512.953188553,30295121.47435919,2235.391,4.00434e14,0.4599,-1.81252e6,9.04234e5,-2.26825e-9
1528734210,32527465.980508555,30280098.435887538,2247.368,4.00973e14,0.5953,-1.82453e6,9.09616e5,-2.28174e-9
1528734240,32524363.580828156,30265035.716187876,2259.328,3.90000e14,2.1576,-1.81015e6,9.15002e5,-2.29525e-9
1528734270,32521205.770586614,30249933.45087001,2271.272,3.94040e14,1.1441,-1.83013e6,9.20390e5,-2.30876e-9
1528734300,32517992.566530086,30234791.776366092,2283.201,3.92751e14,1.4676,-1.83785e6,9.25781e5,-2.32227e-9
1528734330,32514723.985733185,30219610.8299468,2295.113,3.91757e14,1.7168,-1.84624e6,9.31174e5,-2.33580e-9
1528734360,32511400.04553442,30204390.749687225,2307.009,3.95819e14,0.6977,-1.86648e6,9.36570e5,-2.34933e-9
1528734390,32508020.763601925,30189131.67450872,2318.889,3.96697e14,0.4776,-1.87931e6,9.41968e5,-2.36286e-9
1528734420,32504586.157913025,30173833.744170524,2330.752,3.97280e14,0.3311,-1.89147e6,9.47370e5,-2.37641e-9
1528734450,32501096.246754926,30158497.09927384,2342.599,3.99418e14,0.2052,-1.90737e6,9.52773e5,-2.38996e-9
1528734480,32497551.048725396,30143121.881265864,2354.429,4.00317e14,0.4306,-1.92035e6,9.58180e5,-2.40351e-9
1528734510,32493950.58273358,30127708.23244378,2366.242,4.01775e14,0.7965,-1.93471e6,9.63589e5,-2.41708e-9
1528734540,32490294.868000712,30112256.29595882,2378.039,4.02921e14,1.0840,-1.94836e6,9.69001e5,-2.43065e-9
1528734570,32486583.924060818,30096766.21582035,2389.818,3.98006e14,0.1490,-1.94723e6,9.74415e5,-2.44422e-9
1528734600,32482817.770761594,30081238.13689992,2401.580,3.82840e14,3.9538,-1.92078e6,9.79832e5,-2.45781e-9
1528734630,32478996.428253457,30065672.204922747,2413.324,3.83999e14,3.6632,-1.93426e6,9.85251e5,-2.47139e-9
1528734660,32475119.917026404,30050068.566510603,2425.051,3.98171e14,0.1078,-1.98012e6,9.90673e5,-2.48499e-9
1528734690,32471188.257874615,30034427.369147174,2436.761,4.05079e14,1.6254,-2.00823e6,9.96098e5,-2.49859e-9
1528734720,32467201.471908838,30018748.761194587,2448.453,4.06630e14,2.0144,-2.02306e6,1.00152e6,-2.51220e-9
1528734750,32463159.580557253,30003032.891897403,2460.127,4.01106e14,0.6286,-2.02007e6,1.00695e6,-2.52581e-9
1528734780,32459062.605566096,29987279.911386684,2471.783,3.99405e14,0.2019,-2.02665e6,1.01239e6,-2.53944e-9
1528734810,32454910.5690005,29971489.970684007,2483.421,3.87039e14,2.9006,-2.00596e6,1.01782e6,-2.55306e-9
1528734840,32450703.493245233,29955663.221705515,2495.040,3.89463e14,2.2924,-2.02289e6,1.02326e6,-2.56670e-9
1528734870,32446441.401005458,29939799.81726599,2506.642,4.12226e14,3.4184,-2.09238e6,1.02870e6,-2.58034e-9
1528734900,32442124.315307517,29923899.91108291,2518.224,4.10491e14,2.9830,-2.09895e6,1.03414e6,-2.59398e-9
1528734930,32437752.25950301,29907963.65779411,2529.789,3.94510e14,1.0263,-2.06832e6,1.03958e6,-2.60763e-9
1528734960,32433325.257259432,29891991.212920047,2541.334,3.96000e14,0.6524,-2.08306e6,1.04503e6,-2.62129e-9
1528734990,32428843.33257138,29875982.73290972,2552.861,4.00731e14,0.5346,-2.10639e6,1.05048e6,-2.63496e-9
1528735020,32424306.509757977,29859938.37513141,2564.368,3.96477e14,0.5326,-2.10605e6,1.05593e6,-2.64863e-9
1528735050,32419714.81346373,29843858.297876842,2575.857,3.94654e14,0.9901,-2.11208e6,1.06139e6,-2.66230e-9
1528735080,32415068.268659424,29827742.660365492,2587.326,3.93174e14,1.3615,-2.11897e6,1.06684e6,-2.67599e-9
1528735110,32410366.90064307,29811591.62274882,2598.775,3.88345e14,2.5730,-2.11682e6,1.07230e6,-2.68967e-9
1528735140,32405610.735040717,29795405.346114486,2610.205,3.92984e14,1.4091,-2.14014e6,1.07776e6,-2.70337e-9
1528735170,32400799.797807403,29779183.992490657,2621.616,3.98022e14,0.1450,-2.16468e6,1.08323e6,-2.71707e-9
1528735200,32395934.115228087,29762927.724850256,2633.006,3.99012e14,0.1033,-2.17831e6,1.08869e6,-2.73077e-9
1528735230,32391013.713922463,29746636.707096595,2644.377,3.99146e14,0.1370,-2.18961e6,1.09416e6,-2.74449e-9
1528735260,32386038.62083407,29730311.10412508,2655.728,3.93566e14,1.2630,-2.18517e6,1.09963e6,-2.75820e-9
1528735290,32381008.863242928,29713951.08177001,2667.058,3.91721e14,1.7259,-2.19093e6,1.10511e6,-2.77193e-9
1528735320,32375924.4687628,29697556.806827266,2678.368,3.93384e14,1.3087,-2.20641e6,1.11058e6,-2.78565e-9
1528735350,32370785.465342186,29681128.447058488,2689.657,4.00210e14,0.4037,-2.23640e6,1.11606e6,-2.79939e-9
1528735380,32365591.881265353,29664666.171195243,2700.926,4.01926e14,0.8343,-2.25221e6,1.12154e6,-2.81313e-9
1528735410,32360343.745153423,29648170.14894319,2712.174,4.01518e14,0.7320,-2.26206e6,1.12702e6,-2.82687e-9
1528735440,32355041.08596532,29631640.55098621,2723.401,3.97961e14,0.1605,-2.26296e6,1.13251e6,-2.84062e-9
1528735470,32349683.932998944,29615077.54899069,2734.606,3.95397e14,0.8036,-2.26661e6,1.13799e6,-2.85438e-9
1528735500,32344272.315892134,29598481.31560965,2745.791,3.97579e14,0.2563,-2.28379e6,1.14348e6,-2.86814e-9
1528735530,32338806.26461327,29581852.02451291,2756.954,3.96107e14,0.6256,-2.29051e6,1.14897e6,-2.88191e-9
1528735560,32333285.809494656,29565189.850311425,2768.096,3.99931e14,0.3338,-2.31254e6,1.15446e6,-2.89568e-9
1528735590,32327710.981201373,29548494.96864168,2779.216,3.94956e14,0.9143,-2.30906e6,1.15996e6,-2.90946e-9
1528735620,32322081.810742788,29531767.55614417,2790.314,3.95792e14,0.7045,-2.32245e6,1.16545e6,-2.92324e-9
1528735650,32316398.329473432,29515007.79046789,2801.391,3.99396e14,0.1996,-2.34399e6,1.17095e6,-2.93703e-9
1528735680,32310660.569094155,29498215.8502748,2812.445,3.97716e14,0.2218,-2.35004e6,1.17645e6,-2.95082e-9
1528735710,32304868.561653126,29481391.915244382,2823.477,3.97507e14,0.2742,-2.36041e6,1.18195e6,-2.96461e-9
1528735740,32299022.339546934,29464536.166077998,2834.486,3.89973e14,2.1644,-2.34896e6,1.18746e6,-2.97842e-9
1528735770,32293121.93552162,29447648.78450348,2845.473,3.93116e14,1.3759,-2.36926e6,1.19296e6,-2.99222e-9
1528735800,32287167.382673815,29430729.953279488,2856.437,3.98632e14,0.0080,-2.39677e6,1.19847e6,-3.00603e-9
1528735830,32281158.714466747,29413779.85617057,2867.379,3.92173e14,1.6124,-2.38829e6,1.20398e6,-3.01985e-9
1528735860,32275095.964685477,29396798.678042624,2878.297,3.99516e14,0.2296,-2.42149e6,1.20949e6,-3.03367e-9
1528735890,32268979.167483915,29379786.604775958,2889.193,4.05405e14,1.7071,-2.45048e6,1.21501e6,-3.04749e-9
1528735920,32262808.357371308,29362743.823299102,2900.065,3.92329e14,1.5734,-2.42157e6,1.22052e6,-3.06132e-9
1528735950,32256583.5692135,29345670.52159297,2910.913,3.84865e14,3.4459,-2.40956e6,1.22604e6,-3.07515e-9
1528735980,32250304.83823426,29328566.88869515,2921.738,3.93791e14,1.2067,-2.44797e6,1.23156e6,-3.08899e-9
1528736010,32243972.20001664,29311433.11470399,2932.539,4.01459e14,0.7172,-2.48274e6,1.23708e6,-3.10283e-9
1528736040,32237585.690504275,29294269.39078287,2943.316,3.95631e14,0.7450,-2.47565e6,1.24260e6,-3.11668e-9
1528736070,32231145.34600275,29277075.90916436,2954.069,3.99682e14,0.2714,-2.49934e6,1.24812e6,-3.13053e-9
1528736100,32224651.20318096,29259852.863154437,2964.798,3.99311e14,0.1782,-2.50923e6,1.25365e6,-3.14438e-9
1528736130,32218103.29905726,29242600.447163142,2975.503,3.93388e14,1.3078,-2.50158e6,1.25917e6,-3.15823e-9
1528736160,32211501.671047773,29225318.856627196,2986.183,4.01051e14,0.6147,-2.53687e6,1.26470e6,-3.17209e-9
1528736190,32204846.356920812,29208008.288096145,2996.838,3.93799e14,1.2045,-2.52486e6,1.27023e6,-3.18596e-9
1528736220,32198137.39481336,29190668.939210262,3007.468,3.92064e14,1.6398,-2.53030e6,1.27576e6,-3.19983e-9
1528736250,32191374.82323228,29173301.008705035,3018.074,4.05306e14,1.6822,-2.58382e6,1.28129e6,-3.21370e-9
1528736280,32184558.681055687,29155904.69641556,3028.654,4.04817e14,1.5596,-2.59340e6,1.28683e6,-3.22757e-9
1528736310,32177689.007534277,29138480.20328103,3039.209,3.96436e14,0.5431,-2.57738e6,1.29236e6,-3.24145e-9
1528736340,32170765.842292544,29121027.731349226,3049.738,3.93725e14,1.2232,-2.57960e6,1.29790e6,-3.25533e-9
1528736370,32163789.225330204,29103547.48378092,3060.242,4.01176e14,0.6463,-2.61496e6,1.30343e6,-3.26921e-9
1528736400,32156759.197023474,29086039.664854318,3070.720,4.03114e14,1.1323,-2.63243e6,1.30897e6,-3.28309e-9
1528736430,32149675.798140664,29068504.47994883,3081.171,3.97147e14,0.3646,-2.62390e6,1.31451e6,-3.29698e-9
1528736460,32142539.069799714,29050942.135613427,3091.597,4.01306e14,0.6788,-2.64872e6,1.32005e6,-3.31087e-9
1528736490,32135349.0535135,29033352.839506876,3101.996,4.00800e14,0.5517,-2.65815e6,1.32559e6,-3.32477e-9
1528736520,32128105.791177124,29015736.80042275,3112.369,3.96093e14,0.6292,-2.65355e6,1.33113e6,-3.33866e-9
1528736550,32120809.325069465,28998094.22829371,3122.715,3.99020e14,0.1053,-2.67441e6,1.33667e6,-3.35256e-9
1528736580,32113459.697854616,28980425.334195696,3133.034,3.94787e14,0.9567,-2.67125e6,1.34222e6,-3.36646e-9
1528736610,32106056.952583533,28962730.330352183,3143.327,3.91319e14,1.8266,-2.67056e6,1.34776e6,-3.38036e-9
1528736640,32098601.13269555,28945009.43013838,3153.592,3.87797e14,2.7105,-2.66959e6,1.35331e6,-3.39426e-9
1528736670,32091092.282019906,28927262.84808542,3163.829,3.93462e14,1.2891,-2.69984e6,1.35885e6,-3.40817e-9
1528736700,32083530.444777347,28909490.799884558,3174.040,4.02491e14,0.9760,-2.74175e6,1.36440e6,-3.42208e-9
1528736730,32075915.66556546,28891693.502409484,3184.222,4.00552e14,0.4896,-2.74624e6,1.36995e6,-3.43599e-9
1528736760,32068247.989410415,28873871.173664685,3194.377,3.97127e14,0.3698,-2.74554e6,1.37549e6,-3.44990e-9
1528736790,32060527.4617182,28856024.032845646,3204.503,4.01401e14,0.7025,-2.77142e6,1.38104e6,-3.46381e-9
1528736820,32052754.128292494,28838152.300324965,3214.602,4.02755e14,1.0422,-2.78726e6,1.38659e6,-3.47772e-9
1528736850,32044928.03533601,28820256.19765677,3224.672,4.00734e14,0.5353,-2.79135e6,1.39214e6,-3.49163e-9
1528736880,32037049.229452185,28802335.94758089,3234.713,3.99144e14,0.1365,-2.79691e6,1.39769e6,-3.50555e-9
1528736910,32029117.75764661,28784391.774027262,3244.726,3.95533e14,0.7696,-2.79530e6,1.40324e6,-3.51946e-9
1528736940,32021133.66732858,28766423.90212013,3254.710,4.01429e14,0.7096,-2.82718e6,1.40879e6,-3.53337e-9
1528736970,32013097.006312724,28748432.558182325,3264.664,4.01911e14,0.8306,-2.84003e6,1.41434e6,-3.54729e-9
1528737000,32005007.822820526,28730417.96973945,3274.590,3.93258e14,1.3402,-2.82036e6,1.41989e6,-3.56121e-9
1528737030,31996866.165501773,28712380.36550496,3284.486,3.93598e14,1.2551,-2.83259e6,1.42544e6,-3.57512e-9
1528737060,31988672.083375137,28694319.97544359,3294.352,3.97958e14,0.1612,-2.85927e6,1.43099e6,-3.58904e-9
1528737090,31980425.625891075,28676237.030716058,3304.189,4.02679e14,1.0232,-2.88737e6,1.43653e6,-3.60295e-9
1528737120,31972126.842913896,28658131.76370229,3313.995,4.07550e14,2.2453,-2.91614e6,1.44208e6,-3.61687e-9
1528737150,31963775.784723505,28640004.408005465,3323.771,4.05424e14,1.7119,-2.91964e6,1.44763e6,-3.63078e-9
1528737180,31955372.50201735,28621855.19845592,3333.517,3.97984e14,0.1547,-2.90371e6,1.45318e6,-3.64469e-9
1528737210,31946917.045912307,28603684.371115163,3343.233,3.92467e14,1.5388,-2.89461e6,1.45873e6,-3.65861e-9
1528737240,31938409.467946555,28585492.16327975,3352.917,3.99334e14,0.1841,-2.93084e6,1.46428e6,-3.67252e-9
1528737270,31929849.820081476,28567278.8134852,3362.571,4.02831e14,1.0613,-2.95483e6,1.46983e6,-3.68643e-9
1528737300,31921238.154703587,28549044.561509933,3372.194,3.93698e14,1.2299,-2.93219e6,1.47537e6,-3.70034e-9
1528737330,31912574.524608362,28530789.648401078,3381.785,4.00794e14,0.5502,-2.96956e6,1.48092e6,-3.71424e-9
1528737360,31903858.98305802,28512514.316410594,3391.345,4.05169e14,1.6478,-2.99699e6,1.48646e6,-3.72815e-9
1528737390,31895091.583727375,28494218.809067134,3400.873,3.98984e14,0.0962,-2.98503e6,1.49201e6,-3.74205e-9
1528737420,31886272.38072379,28475903.371158075,3410.369,3.98213e14,0.0973,-2.99322e6,1.49755e6,-3.75595e-9
1528737450,31877401.428589,28457568.248733375,3419.833,3.94836e14,0.9444,-2.99157e6,1.50310e6,-3.76985e-9
1528737480,31868478.78230089,28439213.68910967,3429.265,3.97767e14,0.2090,-3.01369e6,1.50864e6,-3.78375e-9
1528737510,31859504.497275315,28420839.940874185,3438.665,3.97376e14,0.3072,-3.02327e6,1.51418e6,-3.79764e-9
1528737540,31850478.629367944,28402447.253888544,3448.031,3.95085e14,0.8819,-3.02560e6,1.51972e6,-3.81153e-9
1528737570,31841401.234876074,28384035.87929277,3457.365,3.93574e14,1.2611,-3.03084e6,1.52526e6,-3.82542e-9
1528737600,31832272.37054041,28365606.069509063,3466.666,3.97064e14,0.3853,-3.05524e6,1.53079e6,-3.83930e-9
1528737630,31823092.0935566,28347158.07821947,3475.934,3.97739e14,0.2161,-3.06889e6,1.53633e6,-3.85318e-9
1528737660,31813860.461547527,28328692.16045026,3485.168,3.89530e14,2.2755,-3.04820e6,1.54186e6,-3.86706e-9
1528737690,31804577.532594796,28310208.572494794,3494.369,3.89944e14,2.1716,-3.06074e6,1.54740e6,-3.88093e-9
1528737720,31795243.365231186,28291707.571943175,3503.536,3.95159e14,0.8633,-3.09199e6,1.55293e6,-3.89480e-9
1528737750,31785858.01844262,28273189.41768576,3512.669,3.97693e14,0.2276,-3.11291e6,1.55846e6,-3.90866e-9
1528737780,31776421.551670156,28254654.369916458,3521.767,4.01691e14,0.7754,-3.13963e6,1.56398e6,-3.92252e-9
1528737810,31766934.024812043,28236102.690136272,3530.831,4.04310e14,1.4323,-3.16102e6,1.56951e6,-3.93638e-9
1528737840,31757395.49822582,28217534.64115652,3539.861,4.01874e14,0.8213,-3.16253e6,1.57503e6,-3.95023e-9
1528737870,31747806.032730334,28198950.48710224,3548.856,3.96543e14,0.5163,-3.15248e6,1.58055e6,-3.96407e-9
1528737900,31738165.689607833,28180350.4934154,3557.815,3.99652e14,0.2639,-3.17585e6,1.58607e6,-3.97791e-9
1528737930,31728474.530606452,28161734.92688878,3566.740,4.02965e14,1.0951,-3.20012e6,1.59159e6,-3.99175e-9
1528737960,31718732.61794133,28143104.05557518,3575.629,3.99895e14,0.3248,-3.19891e6,1.59710e6,-4.00557e-9
1528737990,31708940.01429776,28124458.14888484,3584.482,3.95989e14,0.6552,-3.19425e6,1.60261e6,-4.01939e-9
1528738020,31699096.78283295,28105797.47755843,3593.299,3.99478e14,0.2201,-3.21930e6,1.60812e6,-4.03321e-9
1528738050,31689202.987178322,28087122.313670404,3602.081,4.03450e14,1.2165,-3.24640e6,1.61363e6,-4.04702e-9
1528738080,31679258.691441588,28068432.93063238,3610.826,3.94687e14,0.9818,-3.22189e6,1.61913e6,-4.06082e-9
1528738110,31669263.960209113,28049729.6031965,3619.534,3.96513e14,0.5238,-3.24027e6,1.62463e6,-4.07461e-9
1528738140,31659218.858547963,28031012.60745869,3628.206,4.02909e14,1.0810,-3.27739e6,1.63013e6,-4.08840e-9
1528738170,31649123.452008247,28012282.220861893,3636.841,4.01288e14,0.6743,-3.28178e6,1.63563e6,-4.10217e-9
1528738200,31638977.806625333,27993538.722199265,3645.439,3.98036e14,0.1415,-3.27942e6,1.64112e6,-4.11595e-9
1528738230,31628781.98891478,27974782.391586713,3654.000,4.02580e14,0.9983,-3.30914e6,1.64661e6,-4.12971e-9
1528738260,31618536.065897163,27956013.510560296,3662.523,4.02444e14,0.9642,-3.31960e6,1.65209e6,-4.14346e-9
1528738290,31608240.105077755,27937232.36198467,3671.008,3.93499e14,1.2799,-3.29343e6,1.65757e6,-4.15721e-9
1528738320,31597894.17445607,27918439.23008643,3679.455,3.95268e14,0.8360,-3.31169e6,1.66305e6,-4.17094e-9
1528738350,31587498.342528123,27899634.400456753,3687.864,3.98597e14,0.0008,-3.33652e6,1.66853e6,-4.18467e-9
1528738380,31577052.678288642,27880818.16005395,3696.235,3.92339e14,1.5708,-3.32119e6,1.67400e6,-4.19839e-9
1528738410,31566557.251233455,27861990.797206055,3704.566,3.98231e14,0.0927,-3.35685e6,1.67946e6,-4.21209e-9
1528738440,31556012.13136172,27843152.601613283,3712.860,4.07917e14,2.3372,-3.40869e6,1.68492e6,-4.22579e-9
1528738470,31545417.389178153,27824303.86435041,3721.114,4.04290e14,1.4273,-3.40436e6,1.69038e6,-4.23948e-9
1528738500,31534773.095695607,27805444.87786916,3729.328,4.02264e14,0.9191,-3.40673e6,1.69584e6,-4.25315e-9
1528738530,31524079.322449017,27786575.93602456,3737.503,4.03095e14,1.1275,-3.42122e6,1.70129e6,-4.26682e-9
1528738560,31513336.141461372,27767697.334003095,3745.639,3.98220e14,0.0955,-3.41130e6,1.70673e6,-4.28047e-9
1528738590,31502543.625282727,27748809.368399207,3753.734,3.96271e14,0.5843,-3.41380e6,1.71217e6,-4.29411e-9
1528738620,31491701.846980818,27729912.337193564,3761.790,3.98348e14,0.0634,-3.43359e6,1.71761e6,-4.30774e-9
1528738650,31480810.880143605,27711006.53975541,3769.804,3.98609e14,0.0020,-3.44557e6,1.72304e6,-4.32136e-9
1528738680,31469870.79888177,27692092.27684471,3777.779,4.00682e14,0.5222,-3.46540e6,1.72846e6,-4.33497e-9
1528738710,31458881.677831355,27673169.850614455,3785.712,3.99439e14,0.2103,-3.47087e6,1.73388e6,-4.34856e-9
1528738740,31447843.592156176,27654239.564612657,3793.604,3.95985e14,0.6561,-3.46664e6,1.73930e6,-4.36214e-9
1528738770,31436756.617550537,27635301.72378447,3801.455,3.96702e14,0.4763,-3.48056e6,1.74471e6,-4.37570e-9
1528738800,31425620.83024173,27616356.634474196,3809.264,3.99080e14,0.1203,-3.50177e6,1.75011e6,-4.38926e-9
1528738830,31414436.306979835,27597404.604412284,3817.032,4.00688e14,0.5236,-3.51965e6,1.75551e6,-4.40279e-9
1528738860,31403203.12507981,27578445.942763194,3824.757,4.00081e14,0.3714,-3.52779e6,1.76090e6,-4.41632e-9
1528738890,31391921.36238451,27559480.96008103,3832.440,4.01341e14,0.6876,-3.54416e6,1.76629e6,-4.42982e-9
1528738920,31380591.097280037,27540509.96832603,3840.081,3.97608e14,0.2491,-3.53837e6,1.77167e6,-4.44332e-9
1528738950,31369212.408698216,27521533.280866135,3847.679,3.93013e14,1.4018,-3.52862e6,1.77704e6,-4.45679e-9
1528738980,31357785.37611915,27502551.212478433,3855.234,3.98251e14,0.0877,-3.56269e6,1.78241e6,-4.47026e-9
1528739010,31346310.079573814,27483564.079350542,3862.746,4.01810e14,0.8052,-3.58937e6,1.78777e6,-4.48370e-9
1528739040,31334786.599646576,27464572.199081883,3870.214,4.00781e14,0.5470,-3.59549e6,1.79313e6,-4.49713e-9
1528739070,31323215.017477755,27445575.890684903,3877.639,3.94226e14,1.0975,-3.57665e6,1.79848e6,-4.51054e-9
1528739100,31311595.414766237,27426575.474586222,3885.020,3.95617e14,0.7486,-3.59356e6,1.80382e6,-4.52394e-9
1528739130,31299927.873777602,27407571.272636075,3892.357,4.00749e14,0.5390,-3.62747e6,1.80915e6,-4.53731e-9
1528739160,31288212.477329765,27388563.608083382,3899.649,3.98844e14,0.0610,-3.62948e6,1.81448e6,-4.55067e-9
1528739190,31276449.308812637,27369552.80560274,3906.897,3.92686e14,1.4838,-3.61202e6,1.81980e6,-4.56401e-9
1528739220,31264638.452185374,27350539.191286843,3914.099,3.96964e14,0.4105,-3.64215e6,1.82511e6,-4.57733e-9
1528739250,31252779.991979055,27331523.092647236,3921.257,3.96966e14,0.4101,-3.65274e6,1.83041e6,-4.59064e-9
1528739280,31240874.013299506,27312504.83861509,3928.369,3.95061e14,0.8880,-3.65454e6,1.83571e6,-4.60392e-9
1528739310,31228920.60183004,27293484.7595418,3935.436,3.97423e14,0.2953,-3.67597e6,1.84100e6,-4.61718e-9
1528739340,31216919.84383434,27274463.1871995,3942.457,3.97045e14,0.3902,-3.68477e6,1.84628e6,-4.63042e-9
1528739370,31204871.826159257,27255440.454781536,3949.431,3.92976e14,1.4111,-3.67639e6,1.85155e6,-4.64364e-9
1528739400,31192776.636237647,27236416.896902777,3956.360,3.91982e14,1.6605,-3.68221e6,1.85681e6,-4.65684e-9
1528739430,31180634.362102542,27217392.849596396,3963.242,4.01242e14,0.6627,-3.73588e6,1.86207e6,-4.67002e-9
1528739460,31168445.09235546,27198368.65032485,3970.076,3.97560e14,0.2611,-3.72916e6,1.86731e6,-4.68318e-9
1528739490,31156208.916203987,27179344.637969002,3976.864,3.94393e14,1.0557,-3.72474e6,1.87255e6,-4.69631e-9
1528739520,31143925.92345358,27160321.152831536,3983.605,3.98994e14,0.0988,-3.75681e6,1.87778e6,-4.70943e-9
1528739550,31131596.20451066,27141298.536636837,3990.298,4.10146e14,2.8964,-3.81992e6,1.88300e6,-4.72251e-9
1528739580,31119219.850385573,27122277.132530674,3996.943,4.12987e14,3.6092,-3.84394e6,1.88821e6,-4.73558e-9
1528739610,31106796.95269573,27103257.285079826,4003.540,4.02371e14,0.9459,-3.80411e6,1.89341e6,-4.74862e-9
1528739640,31094327.603668615,27084239.340271596,4010.088,3.96830e14,0.4441,-3.78816e6,1.89860e6,-4.76164e-9
1528739670,31081811.896144874,27065223.645513102,4016.588,3.93560e14,1.2646,-3.78288e6,1.90378e6,-4.77463e-9
1528739700,31069249.923581325,27046210.549630705,4023.039,3.95098e14,0.8787,-3.80051e6,1.90895e6,-4.78759e-9
1528739730,31056641.780024722,27027200.402865477,4029.441,3.97516e14,0.2720,-3.82239e6,1.91411e6,-4.80053e-9
1528739760,31043987.560205318,27008193.556883395,4035.794,3.96480e14,0.5320,-3.82769e6,1.91925e6,-4.81344e-9
1528739790,31031287.35944919,26989190.36476315,4042.097,4.01256e14,0.6663,-3.86099e6,1.92439e6,-4.82633e-9
1528739820,31018541.273710355,26970191.18099865,4048.350,4.02219e14,0.9077,-3.87593e6,1.92952e6,-4.83919e-9
1528739850,31005749.399573717,26951196.3614976,4054.553,3.99696e14,0.2749,-3.87397e6,1.93463e6,-4.85202e-9
1528739880,30992911.834257867,26932206.263580173,4060.706,3.98927e14,0.0819,-3.88045e6,1.93974e6,-4.86482e-9
1528739910,30980028.675618023,26913221.245977487,4066.807,3.96282e14,0.5816,-3.87774e6,1.94483e6,-4.87760e-9
1528739940,30967100.02214888,26894241.66882996,4072.858,3.95835e14,0.6937,-3.88569e6,1.94991e6,-4.89034e-9
1528739970,30954125.97298754,26875267.893685557,4078.858,4.03224e14,1.1599,-3.93201e6,1.95498e6,-4.90306e-9
1528740000,30941106.627916466,26856300.283497956,4084.806,4.02076e14,0.8719,-3.93654e6,1.96004e6,-4.91575e-9
1528740030,30928042.087404136,26837339.20263689,4090.703,3.95031e14,0.8954,-3.91196e6,1.96509e6,-4.92840e-9
1528740060,30914932.452491987,26818385.01684799,4096.547,3.95890e14,0.6801,-3.92622e6,1.97012e6,-4.94103e-9
1528740090,30901777.824913833,26799438.093288846,4102.340,3.96629e14,0.4946,-3.93989e6,1.97514e6,-4.95362e-9
1528740120,30888578.30706159,26780498.800514273,4108.080,3.98507e14,0.0234,-3.95921e6,1.98015e6,-4.96618e-9
1528740150,30875334.00198864,26761567.508474026,4113.766,4.01893e14,0.8260,-3.98605e6,1.98514e6,-4.97871e-9
1528740180,30862045.013413318,26742644.588510197,4119.400,3.99904e14,0.3271,-3.98613e6,1.99012e6,-4.99120e-9
1528740210,30848711.44572233,26723730.413354687,4124.981,3.99123e14,0.1312,-3.99217e6,1.99509e6,-5.00366e-9
1528740240,30835333.403974224,26704825.35712633,4130.508,4.02545e14,0.9896,-4.01925e6,2.00005e6,-5.01609e-9
1528740270,30821910.99390291,26685929.795327984,4135.981,4.00221e14,0.4066,-4.01749e6,2.00499e6,-5.02848e-9
1528740300,30808444.32192112,26667044.104843505,4141.400,3.95523e14,0.7722,-4.00368e6,2.00991e6,-5.04084e-9
1528740330,30794933.49509236,26648168.66391691,4146.765,3.97677e14,0.2318,-4.02435e6,2.01482e6,-5.05316e-9
1528740360,30781378.621231824,26629303.852203183,4152.075,3.99974e14,0.3447,-4.04577e6,2.01972e6,-5.06544e-9
1528740390,30767779.808812264,26610450.050710365,4157.330,3.98969e14,0.0924,-4.05044e6,2.02460e6,-5.07769e-9
1528740420,30754137.166998807,26591607.641813368,4162.530,4.02132e14,0.8860,-4.07628e6,2.02947e6,-5.08990e-9
1528740450,30740450.80565224,26572777.009250015,4167.674,3.98880e14,0.0701,-4.06944e6,2.03433e6,-5.10207e-9
1528740480,30726720.835332338,26553958.53811686,4172.762,3.99357e14,0.1899,-4.08156e6,2.03916e6,-5.11421e-9
1528740510,30712947.367301125,26535152.614864998,4177.795,3.99260e14,0.1654,-4.09071e6,2.04398e6,-5.12630e-9
1528740540,30699130.51352619,26516359.627295595,4182.771,3.97781e14,0.2056,-4.09273e6,2.04879e6,-5.13835e-9
1528740570,30685270.386683907,26497579.964555316,4187.690,3.97667e14,0.2342,-4.10171e6,2.05358e6,-5.15037e-9
1528740600,30671367.100162856,26478814.01713157,4192.553,3.93683e14,1.2337,-4.09068e6,2.05835e6,-5.16234e-9
1528740630,30657420.76808412,26460062.176864278,4197.359,3.96590e14,0.5044,-4.11517e6,2.06311e6,-5.17428e-9
1528740660,30643431.50525207,26441324.836889654,4202.107,4.00575e14,0.4954,-4.14530e6,2.06785e6,-5.18617e-9
1528740690,30629399.42721054,26422602.391686358,4206.797,3.99747e14,0.2877,-4.15046e6,2.07257e6,-5.19801e-9
1528740720,30615324.65022917,26403895.237053692,4211.429,3.98440e14,0.0403,-4.15308e6,2.07728e6,-5.20982e-9
1528740750,30601207.29130703,26385203.770106208,4216.004,4.00007e14,0.3530,-4.17064e6,2.08197e6,-5.22158e-9
1528740780,30587047.468176126,26366528.38926818,4220.519,4.06525e14,1.9882,-4.21410e6,2.08664e6,-5.23330e-9
1528740810,30572845.29930504,26347869.494267963,4224.976,4.01510e14,0.7301,-4.19720e6,2.09129e6,-5.24497e-9
1528740840,30558600.90390249,26329227.486132056,4229.373,3.95099e14,0.8785,-4.17280e6,2.09592e6,-5.25659e-9
1528740870,30544314.401920997,26310602.76717919,4233.712,4.00237e14,0.4105,-4.20905e6,2.10054e6,-5.26817e-9
1528740900,30529985.9140605,26291995.74101401,4237.990,3.99868e14,0.3180,-4.21632e6,2.10513e6,-5.27971e-9
1528740930,30515615.561769973,26273406.812508468,4242.209,3.95588e14,0.7557,-4.20285e6,2.10971e6,-5.29119e-9
1528740960,30501203.467257615,26254836.387833368,4246.367,3.98740e14,0.0350,-4.22864e6,2.11427e6,-5.30263e-9
1528740990,30486749.753487915,26236284.874413364,4250.465,3.97675e14,0.2322,-4.23206e6,2.11881e6,-5.31402e-9
1528741020,30472254.54418758,26217752.6809323,4254.502,3.93616e14,1.2505,-4.21947e6,2.12333e6,-5.32536e-9
1528741050,30457717.963849172,26199240.217326105,4258.478,3.98556e14,0.0111,-4.25478e6,2.12783e6,-5.33665e-9
1528741080,30443140.137734868,26180747.8947754,4262.392,4.01406e14,0.7038,-4.27898e6,2.13231e6,-5.34788e-9
1528741110,30428521.191880234,26162276.125697948,4266.245,4.00073e14,0.3694,-4.28079e6,2.13677e6,-5.35907e-9
1528741140,30413861.25309791,26143825.32374094,4270.036,4.00612e14,0.5047,-4.29257e6,2.14120e6,-5.37020e-9
1528741170,30399160.44898142,26125395.903773017,4273.765,4.02145e14,0.8893,-4.30968e6,2.14562e6,-5.38129e-9
1528741200,30384418.907908868,26106988.281876247,4277.431,4.00422e14,0.4571,-4.30922e6,2.15002e6,-5.39232e-9
1528741230,30369636.7590387,26088602.87534795,4281.034,3.99715e14,0.2797,-4.31417e6,2.15439e6,-5.40329e-9
1528741260,30354814.132338334,26070240.102660816,4284.574,4.00046e14,0.3626,-4.32467e6,2.15874e6,-5.41421e-9
1528741290,30339951.15856311,26051900.38348578,4288.051,3.99528e14,0.2326,-4.33054e6,2.16307e6,-5.42507e-9
1528741320,30325047.969268054,26033584.13867304,4291.464,4.01249e14,0.6645,-4.34852e6,2.16738e6,-5.43588e-9
1528741350,30310104.696811534,26015291.79024303,4294.813,4.02595e14,1.0022,-4.36445e6,2.17166e6,-5.44663e-9
1528741380,30295121.47435919,25997023.76137725,4298.098,3.97988e14,0.1537,-4.34788e6,2.17593e6,-5.45733e-9
1528741410,30280098.435887538,25978780.47640892,4301.318,4.02313e14,0.9314,-4.38000e6,2.18016e6,-5.46796e-9
1528741440,30265035.716187876,25960562.360813357,4304.473,4.02228e14,0.9100,-4.38800e6,2.18438e6,-5.47854e-9
1528741470,30249933.45087001,25942369.841198195,4307.564,3.96054e14,0.6388,-4.36253e6,2.18857e6,-5.48906e-9
1528741500,30234791.776366092,25924203.345293358,4310.588,3.97705e14,0.2246,-4.37992e6,2.19274e6,-5.49951e-9
1528741530,30219610.8299468,25906063.301930405,4313.548,3.97474e14,0.2825,-4.38693e6,2.19688e6,-5.50991e-9
1528741560,30204390.749687225,25887950.14106449,4316.441,4.00145e14,0.3875,-4.40989e6,2.20100e6,-5.52024e-9
1528741590,30189131.67450872,25869864.293731224,4319.267,4.03288e14,1.1759,-4.43548e6,2.20509e6,-5.53051e-9
1528741620,30173833.744170524,25851806.19204619,4322.028,4.01712e14,0.7807,-4.43493e6,2.20916e6,-5.54072e-9
1528741650,30158497.09927384,25833776.26919394,4324.721,4.00413e14,0.4546,-4.43583e6,2.21320e6,-5.55086e-9
1528741680,30143121.881265864,25815774.959416542,4327.347,3.99012e14,0.1033,-4.43610e6,2.21721e6,-5.56094e-9
1528741710,30127708.23244378,25797802.698002093,4329.906,3.95915e14,0.6736,-4.42683e6,2.22120e6,-5.57095e-9
1528741740,30112256.29595882,25779859.921272866,4332.396,3.97199e14,0.3516,-4.44190e6,2.22517e6,-5.58090e-9
1528741770,30096766.21582035,25761947.066573396,4334.819,4.01345e14,0.6885,-4.47293e6,2.22910e6,-5.59078e-9
1528741800,30081238.13689992,25744064.572258174,4337.174,4.02355e14,0.9419,-4.48644e6,2.23301e6,-5.60059e-9
1528741830,30065672.204922747,25726212.877688933,4339.459,4.01538e14,0.7370,-4.48966e6,2.23689e6,-5.61034e-9
1528741860,30050068.566510603,25708392.423192397,4341.676,3.97909e14,0.1734,-4.47700e6,2.24075e6,-5.62001e-9
1528741890,30034427.369147174,25690603.650077105,4343.824,3.91954e14,1.6674,-4.45112e6,2.24457e6,-5.62961e-9
1528741920,30018748.761194587,25672847.00061082,4345.902,3.99508e14,0.2277,-4.50126e6,2.24837e6,-5.63915e-9
1528741950,30003032.891897403,25655122.918007247,4347.910,4.04302e14,1.4305,-4.53589e6,2.25214e6,-5.64861e-9
1528741980,29987279.911386684,25637431.84641276,4349.848,4.03341e14,1.1893,-4.53798e6,2.25588e6,-5.65799e-9
1528742010,29971489.970684007,25619774.2308926,4351.716,4.03461e14,1.2195,-4.54613e6,2.25959e6,-5.66731e-9
1528742040,29955663.221705515,25602150.5174171,4353.513,3.99402e14,0.2010,-4.53050e6,2.26327e6,-5.67655e-9
1528742070,29939799.81726599,25584561.152847573,4355.239,3.95413e14,0.7997,-4.51513e6,2.26692e6,-5.68572e-9
1528742100,29923899.91108291,25567006.584921952,4356.893,3.97455e14,0.2873,-4.53398e6,2.27055e6,-5.69480e-9
1528742130,29907963.65779411,25549487.26223789,4358.476,4.03010e14,1.1064,-4.57283e6,2.27414e6,-5.70382e-9
1528742160,29891991.212920047,25532003.63424524,4359.988,3.99289e14,0.1728,-4.55874e6,2.27769e6,-5.71275e-9
1528742190,29875982.73290972,25514556.15122377,4361.427,3.96810e14,0.4491,-4.55162e6,2.28122e6,-5.72161e-9
1528742220,29859938.37513141,25497145.264270198,4362.793,3.99515e14,0.2295,-4.57410e6,2.28472e6,-5.73039e-9
1528742250,29843858.297876842,25479771.42528267,4364.087,4.01648e14,0.7645,-4.59327e6,2.28818e6,-5.73909e-9
1528742280,29827742.660365492,25462435.086944997,4365.308,3.97649e14,0.2387,-4.57719e6,2.29162e6,-5.74771e-9
1528742310,29811591.62274882,25445136.702710655,4366.455,3.97998e14,0.1511,-4.58599e6,2.29502e6,-5.75624e-9
1528742340,29795405.346114486,25427876.72678648,4367.529,4.02249e14,0.9154,-4.61723e6,2.29838e6,-5.76470e-9
1528742370,29779183.992490657,25410655.614116207,4368.528,3.99000e14,0.1002,-4.60517e6,2.30172e6,-5.77307e-9
1528742400,29762927.724850256,25393473.820363652,4369.454,3.96967e14,0.4098,-4.60002e6,2.30502e6,-5.78135e-9
1528742430,29746636.707096595,25376331.80188595,4370.305,3.99250e14,0.1630,-4.61976e6,2.30828e6,-5.78955e-9
1528742460,29730311.10412508,25359230.015746597,4371.081,3.98475e14,0.0314,-4.62174e6,2.31151e6,-5.79767e-9
1528742490,29713951.08177001,25342168.919667497,4371.782,4.00258e14,0.4157,-4.63848e6,2.31471e6,-5.80570e-9
1528742520,29697556.806827266,25325148.972021077,4372.408,4.02251e14,0.9159,-4.65641e6,2.31787e6,-5.81364e-9
1528742550,29681128.447058488,25308170.631812163,4372.958,4.00498e14,0.4762,-4.65250e6,2.32100e6,-5.82149e-9
1528742580,29664666.171195243,25291234.358659696,4373.432,3.98809e14,0.0524,-4.64885e6,2.32409e6,-5.82925e-9
1528742610,29648170.14894319,25274340.61277827,4373.830,3.97425e14,0.2949,-4.64688e6,2.32714e6,-5.83693e-9
1528742640,29631640.55098621,25257489.854959242,4374.151,3.98753e14,0.0383,-4.66068e6,2.33016e6,-5.84451e-9
1528742670,29615077.54899069,25240682.546551842,4374.395,3.97257e14,0.3370,-4.65789e6,2.33314e6,-5.85200e-9
1528742700,29598481.31560965,25223919.149443876,4374.562,3.97217e14,0.3470,-4.66354e6,2.33609e6,-5.85939e-9
1528742730,29581852.02451291,25207200.126063447,4374.652,4.00714e14,0.5302,-4.68986e6,2.33899e6,-5.86670e-9
1528742760,29565189.850311425,25190525.939294014,4374.664,3.99703e14,0.2766,-4.68968e6,2.34186e6,-5.87390e-9
1528742790,29548494.96864168,25173897.05251982,4374.598,4.02704e14,1.0295,-4.71300e6,2.34470e6,-5.88102e-9
1528742820,29531767.55614417,25157313.929584745,4374.454,4.00976e14,0.5960,-4.70845e6,2.34749e6,-5.88803e-9
1528742850,29515007.79046789,25140777.03477204,4374.231,3.96137e14,0.6180,-4.68545e6,2.35024e6,-5.89495e-9
1528742880,29498215.8502748,25124286.832783837,4373.929,3.97477e14,0.2819,-4.69877e6,2.35296e6,-5.90177e-9
1528742910,29481391.915244382,25107843.78872047,4373.548,3.97810e14,0.1984,-4.70608e6,2.35563e6,-5.90849e-9
1528742940,29464536.166077998,25091448.368059423,4373.088,4.00484e14,0.4726,-4.72717e6,2.35826e6,-5.91511e-9
1528742970,29447648.78450348,25075101.036634173,4372.548,4.00557e14,0.4909,-4.73281e6,2.36086e6,-5.92163e-9
1528743000,29430729.953279488,25058802.260612655,4371.928,3.99445e14,0.2120,-4.73134e6,2.36341e6,-5.92805e-9
1528743030,29413779.85617057,25042552.50645236,4371.227,4.00249e14,0.4136,-4.74115e6,2.36592e6,-5.93436e-9
1528743060,29396798.678042624,25026352.24094971,4370.446,3.95590e14,0.7554,-4.71842e6,2.36839e6,-5.94057e-9
1528743090,29379786.604775958,25010201.93114644,4369.585,3.95743e14,0.7168,-4.72418e6,2.37082e6,-5.94668e-9
1528743120,29362743.823299102,24994102.04432989,4368.642,4.04017e14,1.3589,-4.77819e6,2.37321e6,-5.95268e-9
1528743150,29345670.52159297,24978053.048010126,4367.617,4.07340e14,2.1924,-4.80272e6,2.37555e6,-5.95857e-9
1528743180,29328566.88869515,24962055.409896694,4366.511,4.02308e14,0.9301,-4.77736e6,2.37786e6,-5.96435e-9
1528743210,29311433.11470399,24946109.597875208,4365.324,3.99807e14,0.3028,-4.76697e6,2.38011e6,-5.97003e-9
1528743240,29294269.39078287,24930216.07998359,4364.053,4.03102e14,1.1294,-4.79110e6,2.38233e6,-5.97560e-9
1528743270,29277075.90916436,24914375.32438807,4362.701,3.98011e14,0.1478,-4.76502e6,2.38450e6,-5.98105e-9
1528743300,29259852.863154437,24898587.7993591,4361.265,3.96663e14,0.4862,-4.76120e6,2.38662e6,-5.98640e-9
1528743330,29242600.447163142,24882853.973262742,4359.746,4.02044e14,0.8639,-4.79760e6,2.38870e6,-5.99163e-9
1528743360,29225318.856627196,24867174.314486977,4358.145,4.01284e14,0.6733,-4.79714e6,2.39074e6,-5.99675e-9
1528743390,29208008.288096145,24851549.291465756,4356.459,3.98514e14,0.0218,-4.78451e6,2.39273e6,-6.00175e-9
1528743420,29190668.939210262,24835979.37263819,4354.690,3.95556e14,0.7638,-4.77063e6,2.39467e6,-6.00664e-9
1528743450,29173301.008705035,24820465.026423246,4352.836,3.94489e14,1.0315,-4.76801e6,2.39657e6,-6.01142e-9
1528743480,29155904.69641556,24805006.721194282,4350.898,3.97084e14,0.3804,-4.78730e6,2.39842e6,-6.01607e-9
1528743510,29138480.20328103,24789604.925253384,4348.875,3.98040e14,0.1405,-4.79667e6,2.40022e6,-6.02061e-9
1528743540,29121027.731349226,24774260.10680533,4346.768,3.99353e14,0.1889,-4.80809e6,2.40198e6,-6.02503e-9
1528743570,29103547.48378092,24758972.733931474,4344.575,4.01810e14,0.8052,-4.82633e6,2.40368e6,-6.02933e-9
1528743600,29086039.664854318,24743743.274563424,4342.296,3.99506e14,0.2272,-4.81576e6,2.40534e6,-6.03350e-9
1528743630,29068504.47994883,24728572.19645035,4339.932,4.01306e14,0.6789,-4.82986e6,2.40695e6,-6.03756e-9
1528743660,29050942.135613427,24713459.967150524,4337.482,4.00167e14,0.3929,-4.82611e6,2.40851e6,-6.04149e-9
1528743690,29033352.839506876,24698407.053986046,4334.946,3.98560e14,0.0102,-4.81944e6,2.41002e6,-6.04530e-9
1528743720,29015736.80042275,24683413.92402137,4332.323,3.99481e14,0.2209,-4.82794e6,2.41149e6,-6.04898e-9
1528743750,28998094.22829371,24668481.0440357,4329.613,3.96718e14,0.4721,-4.81405e6,2.41290e6,-6.05253e-9
1528743780,28980425.334195696,24653608.880495284,4326.816,3.99131e14,0.1331,-4.83138e6,2.41426e6,-6.05596e-9
1528743810,28962730.330352183,24638797.899525363,4323.932,4.02216e14,0.9071,-4.85270e6,2.41557e6,-6.05926e-9
1528743840,28945009.43013838,24624048.566881973,4320.961,4.01962e14,0.8433,-4.85369e6,2.41682e6,-6.06244e-9
1528743870,28927262.84808542,24609361.34792346,4317.902,3.96478e14,0.5325,-4.82286e6,2.41803e6,-6.06548e-9
1528743900,28909490.799884558,24594736.70758186,4314.754,3.97032e14,0.3935,-4.82853e6,2.41918e6,-6.06839e-9
1528743930,28891693.502409484,24580175.11033538,4311.518,4.01923e14,0.8336,-4.86043e6,2.42029e6,-6.07117e-9
1528743960,28873871.173664685,24565677.02017506,4308.194,4.01423e14,0.7082,-4.85950e6,2.42133e6,-6.07381e-9
1528743990,28856024.032845646,24551242.90057966,4304.781,4.00767e14,0.5435,-4.85752e6,2.42233e6,-6.07633e-9
1528744020,28838152.300324965,24536873.214484844,4301.279,3.99657e14,0.2651,-4.85267e6,2.42327e6,-6.07870e-9
1528744050,28820256.19765677,24522568.424253467,4297.688,3.96932e14,0.4185,-4.83788e6,2.42415e6,-6.08094e-9
1528744080,28802335.94758089,24508328.99164558,4294.007,3.98522e14,0.0198,-4.84921e6,2.42499e6,-6.08305e-9
1528744110,28784391.774027262,24494155.377788406,4290.236,3.98256e14,0.0864,-4.84916e6,2.42576e6,-6.08502e-9
1528744140,28766423.90212013,24480048.043145984,4286.376,3.95146e14,0.8667,-4.83168e6,2.42648e6,-6.08684e-9
1528744170,28748432.558182325,24466007.447488636,4282.425,3.97593e14,0.2529,-4.84790e6,2.42715e6,-6.08853e-9
1528744200,28730417.96973945,24452034.049862277,4278.384,4.00041e14,0.3613,-4.86404e6,2.42776e6,-6.09008e-9
1528744230,28712380.36550496,24438128.30855904,4274.252,3.98764e14,0.0411,-4.85738e6,2.42831e6,-6.09148e-9
1528744260,28694319.97544359,24424290.681081556,4270.029,3.98809e14,0.0522,-4.85865e6,2.42881e6,-6.09274e-9
1528744290,28676237.030716058,24410521.624116268,4265.715,4.00362e14,0.4420,-4.86900e6,2.42924e6,-6.09386e-9
1528744320,28658131.76370229,24396821.593500502,4261.310,3.94538e14,1.0193,-4.83427e6,2.42963e6,-6.09484e-9
1528744350,28640004.408005465,24383191.044190887,4256.813,3.92538e14,1.5208,-4.82273e6,2.42995e6,-6.09566e-9
1528744380,28621855.19845592,24369630.43023152,4252.225,3.98663e14,0.0156,-4.86060e6,2.43021e6,-6.09634e-9
1528744410,28603684.371115163,24356140.204722047,4247.544,4.00184e14,0.3972,-4.87029e6,2.43042e6,-6.09688e-9
1528744440,28585492.16327975,24342720.819785528,4242.771,4.00720e14,0.5317,-4.87385e6,2.43056e6,-6.09726e-9
1528744470,28567278.8134852,24329372.726536103,4237.906,3.99639e14,0.2605,-4.86744e6,2.43065e6,-6.09750e-9
1528744500,28549044.561509933,24316096.37504658,4232.948,3.98757e14,0.0394,-4.86213e6,2.43067e6,-6.09758e-9
1528744530,28530789.648401078,24302892.21430828,4227.897,3.96164e14,0.6113,-4.84625e6,2.43064e6,-6.09751e-9
1528744560,28512514.316410594,24289760.692221407,4222.754,3.94789e14,0.9563,-4.83768e6,2.43054e6,-6.09729e-9
1528744590,28494218.809067134,24276702.255539037,4217.517,3.99454e14,0.2142,-4.86582e6,2.43038e6,-6.09692e-9
1528744620,28475903.371158075,24263717.349841453,4212.186,4.00656e14,0.5158,-4.87272e6,2.43016e6,-6.09639e-9
1528744650,28457568.248733375,24250806.4195029,4206.762,3.99281e14,0.1708,-4.86378e6,2.42988e6,-6.09571e-9
1528744680,28439213.68910967,24237969.90765817,4201.244,3.99356e14,0.1895,-4.86356e6,2.42954e6,-6.09486e-9
1528744710,28420839.940874185,24225208.256169163,4195.632,3.96235e14,0.5935,-4.84373e6,2.42913e6,-6.09387e-9
1528744740,28402447.253888544,24212521.90559112,4189.925,3.97946e14,0.1642,-4.85323e6,2.42866e6,-6.09271e-9
1528744770,28384035.87929277,24199911.295138996,4184.125,4.00598e14,0.5010,-4.86833e6,2.42813e6,-6.09139e-9
1528744800,28365606.069509063,24187376.862653494,4178.229,3.95113e14,0.8748,-4.83374e6,2.42753e6,-6.08992e-9
1528744830,28347158.07821947,24174919.044581957,4172.239,3.96537e14,0.5176,-4.84110e6,2.42687e6,-6.08828e-9
1528744860,28328692.16045026,24162538.275898606,4166.154,4.00985e14,0.5981,-4.86673e6,2.42615e6,-6.08648e-9
1528744890,28310208.572494794,24150234.99011613,4159.974,4.01392e14,0.7004,-4.86763e6,2.42536e6,-6.08452e-9
1528744920,28291707.571943175,24138009.6192367,4153.698,4.00239e14,0.4110,-4.85891e6,2.42450e6,-6.08239e-9
1528744950,28273189.41768576,24125862.59371774,4147.327,3.98276e14,0.0813,-4.84514e6,2.42358e6,-6.08010e-9
1528744980,28254654.369916458,24113794.342437528,4140.860,3.95583e14,0.7570,-4.82680e6,2.42259e6,-6.07764e-9
1528745010,28236102.690136272,24101805.292660847,4134.297,3.93884e14,1.1833,-4.81438e6,2.42153e6,-6.07502e-9
1528745040,28217534.64115652,24089895.870004408,4127.639,3.97210e14,0.3489,-4.83236e6,2.42041e6,-6.07222e-9
1528745070,28198950.48710224,24078066.4984023,4120.884,3.99779e14,0.2956,-4.84558e6,2.41922e6,-6.06926e-9
1528745100,28180350.4934154,24066317.600071296,4114.033,3.98341e14,0.0652,-4.83435e6,2.41796e6,-6.06613e-9
1528745130,28161734.92688878,24054649.595463403,4107.085,3.97168e14,0.3594,-4.82460e6,2.41664e6,-6.06283e-9
1528745160,28143104.05557518,24043062.903270394,4100.041,3.96538e14,0.5175,-4.81801e6,2.41524e6,-6.05936e-9
1528745190,28124458.14888484,24031557.94034933,4092.900,3.97484e14,0.2800,-4.82083e6,2.41378e6,-6.05571e-9
1528745220,28105797.47755843,24020135.121700387,4085.662,3.97569e14,0.2589,-4.81829e6,2.41225e6,-6.05189e-9
1528745250,28087122.313670404,24008794.860431846,4078.327,3.98508e14,0.0233,-4.82078e6,2.41065e6,-6.04790e-9
1528745280,28068432.93063238,23997537.567724828,4070.895,4.03832e14,1.3125,-4.84963e6,2.40898e6,-6.04373e-9
1528745310,28049729.6031965,23986363.65279827,4063.366,4.00183e14,0.3971,-4.82410e6,2.40724e6,-6.03939e-9
1528745340,28031012.60745869,23975273.52287365,4055.739,3.92598e14,1.5060,-4.77470e6,2.40543e6,-6.03487e-9
1528745370,28012282.220861893,23964267.5831398,4048.015,3.97843e14,0.1901,-4.80260e6,2.40355e6,-6.03017e-9
1528745400,27993538.722199265,23953346.2367176,4040.192,4.00804e14,0.5528,-4.81655e6,2.40159e6,-6.02529e-9
1528745430,27974782.391586713,23942509.88462448,4032.273,3.96840e14,0.4416,-4.78864e6,2.39957e6,-6.02024e-9
1528745460,27956013.510560296,23931758.925739843,4024.255,3.97925e14,0.1693,-4.79099e6,2.39747e6,-6.01500e-9
1528745490,27937232.36198467,23921093.756769396,4016.139,3.97385e14,0.3050,-4.78342e6,2.39530e6,-6.00958e-9
1528745520,27918439.23008643,23910514.772209924,4007.924,3.99360e14,0.1906,-4.79081e6,2.39306e6,-6.00398e-9
1528745550,27899634.400456753,23900022.36431406,3999.612,4.01073e14,0.6202,-4.79646e6,2.39075e6,-5.99820e-9
1528745580,27880818.16005395,23889616.923055023,3991.201,3.98341e14,0.0650,-4.77531e6,2.38836e6,-5.99224e-9
1528745610,27861990.797206055,23879298.83609145,3982.692,3.96435e14,0.5433,-4.75899e6,2.38590e6,-5.98609e-9
1528745640,27843152.601613283,23869068.488732215,3974.084,3.96158e14,0.6128,-4.75229e6,2.38336e6,-5.97975e-9
1528745670,27824303.86435041,23858926.26390125,3965.378,3.95138e14,0.8686,-4.74101e6,2.38075e6,-5.97323e-9
1528745700,27805444.87786916,23848872.54210252,3956.572,3.95391e14,0.8052,-4.73718e6,2.37807e6,-5.96652e-9
1528745730,27786575.93602456,23838907.70140233,3947.668,3.97495e14,0.2774,-4.74423e6,2.37531e6,-5.95963e-9
1528745760,27767697.334003095,23829032.117341194,3938.665,3.97331e14,0.3186,-4.73761e6,2.37248e6,-5.95255e-9
1528745790,27748809.368399207,23819246.162951842,3929.563,4.01139e14,0.6370,-4.75445e6,2.36957e6,-5.94527e-9
1528745820,27729912.337193564,23809550.208707467,3920.362,3.98222e14,0.0949,-4.73116e6,2.36659e6,-5.93781e-9
1528745850,27711006.53975541,23799944.62248718,3911.062,3.97030e14,0.3939,-4.71798e6,2.36353e6,-5.93016e-9
1528745880,27692092.27684471,23790429.769541476,3901.663,3.98003e14,0.1499,-4.71749e6,2.36039e6,-5.92232e-9
1528745910,27673169.850614455,23781006.012457833,3892.164,3.94219e14,1.0992,-4.68870e6,2.35718e6,-5.91428e-9
1528745940,27654239.564612657,23771673.711126357,3882.566,3.97567e14,0.2593,-4.70194e6,2.35389e6,-5.90605e-9
1528745970,27635301.72378447,23762433.222705606,3872.869,3.99697e14,0.2752,-4.70779e6,2.35052e6,-5.89763e-9
1528746000,27616356.634474196,23753284.901588384,3863.072,3.97095e14,0.3777,-4.68558e6,2.34708e6,-5.88902e-9
1528746030,27597404.604412284,23744229.09933911,3853.176,3.95160e14,0.8631,-4.66718e6,2.34355e6,-5.88021e-9
1528746060,27578445.942763194,23735266.16474801,3843.180,3.95756e14,0.7137,-4.66351e6,2.33995e6,-5.87120e-9
1528746090,27559480.96008103,23726396.44370943,3833.085,3.96322e14,0.5717,-4.65951e6,2.33628e6,-5.86200e-9
1528746120,27540509.96832603,23717620.279216245,3822.890,4.00005e14,0.3523,-4.67359e6,2.33252e6,-5.85260e-9
1528746150,27521533.280866135,23708938.011326168,3812.595,4.01269e14,0.6696,-4.67330e6,2.32868e6,-5.84300e-9
1528746180,27502551.212478433,23700349.977128047,3802.201,3.96745e14,0.4656,-4.63906e6,2.32477e6,-5.83321e-9
1528746210,27483564.079350542,23691856.510708466,3791.708,3.97077e14,0.3822,-4.63304e6,2.32078e6,-5.82321e-9
1528746240,27464572.199081883,23683457.943118382,3781.114,3.96921e14,0.4214,-4.62401e6,2.31670e6,-5.81302e-9
1528746270,27445575.890684903,23675154.60233998,3770.421,3.99389e14,0.1978,-4.63006e6,2.31255e6,-5.80263e-9
1528746300,27426575.474586222,23666946.81325367,3759.629,3.98618e14,0.0044,-4.61713e6,2.30832e6,-5.79203e-9
1528746330,27407571.272636075,23658834.89763585,3748.736,3.93198e14,1.3553,-4.57718e6,2.30401e6,-5.78124e-9
1528746360,27388563.608083382,23650819.174032584,3737.744,3.92802e14,1.4547,-4.56618e6,2.29961e6,-5.77024e-9
1528746390,27369552.80560274,23642899.95782074,3726.653,3.98061e14,0.1353,-4.58759e6,2.29514e6,-5.75905e-9
1528746420,27350539.191286843,23635077.56114597,3715.462,4.00099e14,0.3760,-4.59021e6,2.29058e6,-5.74764e-9
1528746450,27331523.092647236,23627352.29289094,3704.171,4.00735e14,0.5355,-4.58458e6,2.28595e6,-5.73604e-9
1528746480,27312504.83861509,23619724.4586438,3692.780,3.98900e14,0.0753,-4.56463e6,2.28123e6,-5.72423e-9
1528746510,27293484.7595418,23612194.36066705,3681.290,3.98797e14,0.0493,-4.55445e6,2.27643e6,-5.71222e-9
1528746540,27274463.1871995,23604762.29786641,3669.701,4.01836e14,0.8117,-4.56202e6,2.27155e6,-5.70000e-9
1528746570,27255440.454781536,23597428.565760173,3658.012,4.04901e14,1.5808,-4.56950e6,2.26659e6,-5.68758e-9
1528746600,27236416.896902777,23590193.45644857,3646.223,4.04365e14,1.4461,-4.55630e6,2.26155e6,-5.67495e-9
1528746630,27217392.849596396,23583057.258559003,3634.336,3.99698e14,0.2755,-4.51956e6,2.25642e6,-5.66211e-9
1528746660,27198368.65032485,23576020.25729166,3622.348,4.00062e14,0.3667,-4.51119e6,2.25121e6,-5.64907e-9
1528746690,27179344.637969002,23569082.734314017,3610.262,3.99378e14,0.1951,-4.49674e6,2.24592e6,-5.63582e-9
1528746720,27160321.152831536,23562244.967755683,3598.076,4.00079e14,0.3708,-4.48993e6,2.24055e6,-5.62236e-9
1528746750,27141298.536636837,23555507.232178926,3585.791,3.93724e14,1.2234,-4.44337e6,2.23509e6,-5.60870e-9
1528746780,27122277.132530674,23548869.798549548,3573.407,3.92786e14,1.4587,-4.42712e6,2.22955e6,-5.59482e-9
1528746810,27103257.285079826,23542332.93420807,3560.924,3.98817e14,0.0542,-4.44962e6,2.22393e6,-5.58074e-9
1528746840,27084239.340271596,23535896.902841125,3548.342,4.02682e14,1.0240,-4.45973e6,2.21822e6,-5.56645e-9
1528746870,27065223.645513102,23529561.964453224,3535.662,4.02850e14,1.0661,-4.44903e6,2.21243e6,-5.55195e-9
1528746900,27046210.549630705,23523328.375338774,3522.882,3.99094e14,0.1237,-4.41643e6,2.20656e6,-5.53723e-9
1528746930,27027200.402865477,23517196.388070323,3510.004,3.97809e14,0.1984,-4.39743e6,2.20060e6,-5.52231e-9
1528746960,27008193.556883395,23511166.251422275,3497.027,3.94237e14,1.0948,-4.36569e6,2.19456e6,-5.50718e-9
1528746990,26989190.36476315,23505238.21039309,3483.952,3.94301e14,1.0786,-4.35387e6,2.18843e6,-5.49184e-9
1528747020,26970191.18099865,23499412.506162807,3470.779,3.98198e14,0.1009,-4.36287e6,2.18222e6,-5.47628e-9
1528747050,26951196.3614976,23493689.37606689,3457.507,3.97515e14,0.2724,-4.34657e6,2.17593e6,-5.46052e-9
1528747080,26932206.263580173,23488069.05357034,3444.137,4.00211e14,0.4040,-4.34852e6,2.16955e6,-5.44454e-9
1528747110,26913221.245977487,23482551.768242277,3430.669,4.00083e14,0.3720,-4.33488e6,2.16309e6,-5.42835e-9
1528747140,26894241.66882996,23477137.74573076,3417.104,3.98162e14,0.1100,-4.31138e6,2.15654e6,-5.41195e-9
1528747170,26875267.893685557,23471827.20773809,3403.441,3.97003e14,0.4008,-4.29188e6,2.14991e6,-5.39534e-9
1528747200,26856300.283497956,23466620.371996354,3389.680,3.99424e14,0.2066,-4.29150e6,2.14320e6,-5.37851e-9
1528747230,26837339.20263689,23461517.45223434,3375.822,4.03224e14,1.1599,-4.29827e6,2.13640e6,-5.36147e-9
1528747260,26818385.01684799,23456518.65818225,3361.866,4.00288e14,0.4233,-4.26873e6,2.12951e6,-5.34422e-9
1528747290,26799438.093288846,23451624.19551974,3347.814,4.02315e14,0.9320,-4.26557e6,2.12254e6,-5.32675e-9
1528747320,26780498.800514273,23446834.26586237,3333.665,4.01380e14,0.6974,-4.24644e6,2.11548e6,-5.30908e-9
1528747350,26761567.508474026,23442149.066739086,3319.418,3.94649e14,0.9913,-4.19650e6,2.10834e6,-5.29119e-9
1528747380,26742644.588510197,23437568.7915701,3305.076,3.93661e14,1.2392,-4.17693e6,2.10112e6,-5.27308e-9
1528747410,26723730.413354687,23433093.62964527,3290.637,3.97792e14,0.2029,-4.18411e6,2.09381e6,-5.25476e-9
1528747440,26704825.35712633,23428723.766102772,3276.102,3.99903e14,0.3268,-4.18040e6,2.08641e6,-5.23623e-9
1528747470,26685929.795327984,23424459.38190825,3261.470,3.97442e14,0.2907,-4.15258e6,2.07893e6,-5.21749e-9
1528747500,26667044.104843505,23420300.653834473,3246.743,3.98457e14,0.0359,-4.14276e6,2.07137e6,-5.19853e-9
1528747530,26648168.66391691,23416247.75444222,3231.921,4.00493e14,0.4748,-4.13801e6,2.06372e6,-5.17936e-9
1528747560,26629303.852203183,23412300.852057707,3217.003,3.96729e14,0.4696,-4.10309e6,2.05598e6,-5.15997e-9
1528747590,26610450.050710365,23408460.11075693,3201.990,3.94964e14,0.9123,-4.07843e6,2.04816e6,-5.14038e-9
1528747620,26591607.641813368,23404725.690345827,3186.882,3.97039e14,0.3918,-4.07332e6,2.04026e6,-5.12056e-9
1528747650,26572777.009250015,23401097.74634214,3171.679,3.99764e14,0.2918,-4.07128e6,2.03227e6,-5.10054e-9
1528747680,26553958.53811686,23397576.429957658,3156.382,3.98697e14,0.0243,-4.04969e6,2.02419e6,-5.08030e-9
1528747710,26535152.614864998,23394161.888081044,3140.991,3.96604e14,0.5008,-4.02279e6,2.01603e6,-5.05985e-9
1528747740,26516359.627295595,23390854.26326096,3125.505,4.00347e14,0.4382,-4.02521e6,2.00779e6,-5.03918e-9
1528747770,26497579.964555316,23387653.693689857,3109.926,4.02569e14,0.9956,-4.01967e6,1.99946e6,-5.01831e-9
1528747800,26478814.01713157,23384560.31318805,3094.254,4.00829e14,0.5590,-3.99407e6,1.99104e6,-4.99722e-9
1528747830,26460062.176864278,23381574.25119852,3078.488,3.98553e14,0.0120,-3.96571e6,1.98254e6,-4.97591e-9
1528747860,26441324.836889654,23378695.632741112,3062.629,3.96919e14,0.4218,-3.94045e6,1.97396e6,-4.95440e-9
1528747890,26422602.391686358,23375924.5784289,3046.678,3.91858e14,1.6915,-3.89820e6,1.96529e6,-4.93267e-9
1528747920,26403895.237053692,23373261.20444445,3030.634,3.96988e14,0.4045,-3.90604e6,1.95654e6,-4.91073e-9
1528747950,26385203.770106208,23370705.62252652,3014.498,4.03954e14,1.3431,-3.92246e6,1.94770e6,-4.88858e-9
1528747980,26366528.38926818,23368257.939957242,2998.270,3.97012e14,0.3985,-3.87073e6,1.93878e6,-4.86622e-9
1528748010,26347869.494267963,23365918.259549767,2981.951,4.00576e14,0.4955,-3.87002e6,1.92977e6,-4.84364e-9
1528748040,26329227.486132056,23363686.679636445,2965.541,3.97393e14,0.3029,-3.83646e6,1.92069e6,-4.82086e-9
1528748070,26310602.76717919,23361563.294057485,2949.039,3.94745e14,0.9673,-3.80544e6,1.91151e6,-4.79786e-9
1528748100,26291995.74101401,23359548.19215012,2932.448,4.00472e14,0.4697,-3.81438e6,1.90226e6,-4.77466e-9
1528748130,26273406.812508468,23357641.458714712,2915.765,4.02322e14,0.9336,-3.80444e6,1.89292e6,-4.75124e-9
1528748160,26254836.387833368,23355843.174077444,2898.993,4.04218e14,1.4094,-3.79448e6,1.88349e6,-4.72762e-9
1528748190,26236284.874413364,23354153.41400849,2882.131,4.04026e14,1.3611,-3.77444e6,1.87399e6,-4.70378e-9
1528748220,26217752.6809323,23352572.2497364,2865.180,4.02538e14,0.9879,-3.74817e6,1.86440e6,-4.67974e-9
1528748250,26199240.217326105,23351099.74793965,2848.140,3.94510e14,1.0261,-3.69136e6,1.85472e6,-4.65549e-9
1528748280,26180747.8947754,23349735.970738713,2831.012,3.96163e14,0.6115,-3.67961e6,1.84497e6,-4.63103e-9
1528748310,26162276.125697948,23348480.975688696,2813.795,4.02727e14,1.0352,-3.69024e6,1.83513e6,-4.60636e-9
1528748340,26143825.32374094,23347334.815772317,2796.491,4.00122e14,0.3818,-3.65837e6,1.82521e6,-4.58149e-9
1528748370,26125395.903773017,23346297.5393937,2779.098,3.96783e14,0.4561,-3.62311e6,1.81521e6,-4.55641e-9
1528748400,26106988.281876247,23345369.190372504,2761.619,3.94450e14,1.0413,-3.59242e6,1.80512e6,-4.53113e-9
1528748430,26088602.87534795,23344549.80796941,2744.053,3.93623e14,1.2487,-3.56848e6,1.79496e6,-4.50564e-9
1528748460,26070240.102660816,23343839.426786683,2726.401,3.95957e14,0.6633,-3.55857e6,1.78471e6,-4.47994e-9
1528748490,26051900.38348578,23343238.076858915,2708.662,3.98781e14,0.0454,-3.55057e6,1.77438e6,-4.45404e-9
1528748520,26033584.13867304,23342745.783618983,2690.838,3.93334e14,1.3213,-3.50563e6,1.76397e6,-4.42794e-9
1528748550,26015291.79024303,23342362.567895237,2672.929,3.90121e14,2.1272,-3.47065e6,1.75348e6,-4.40163e-9
1528748580,25997023.76137725,23342088.445909135,2654.935,3.96593e14,0.5035,-3.47805e6,1.74291e6,-4.37513e-9
1528748610,25978780.47640892,23341923.429273654,2636.857,3.95170e14,0.8606,-3.45062e6,1.73226e6,-4.34842e-9
1528748640,25960562.360813357,23341867.524991978,2618.695,3.99323e14,0.1812,-3.44720e6,1.72152e6,-4.32151e-9
1528748670,25942369.841198195,23341920.735456906,2600.449,3.98310e14,0.0729,-3.42121e6,1.71071e6,-4.29440e-9
1528748700,25924203.345293358,23342083.058450747,2582.120,3.94289e14,1.0816,-3.38229e6,1.69982e6,-4.26709e-9
1528748730,25906063.301930405,23342354.487116612,2563.709,3.98923e14,0.0808,-3.38012e6,1.68885e6,-4.23958e-9
1528748760,25887950.14106449,23342735.01004902,2545.215,3.94021e14,1.1488,-3.33737e6,1.67780e6,-4.21187e-9
1528748790,25869864.293731224,23343224.61120553,2526.640,3.93970e14,1.1617,-3.31504e6,1.66668e6,-4.18397e-9
1528748820,25851806.19204619,23343823.26993758,2507.983,3.95017e14,0.8990,-3.29711e6,1.65547e6,-4.15587e-9
1528748850,25833776.26919394,23344530.96099278,2489.245,3.93215e14,1.3512,-3.26721e6,1.64419e6,-4.12757e-9
1528748880,25815774.959416542,23345347.65451773,2470.427,3.97464e14,0.2851,-3.26207e6,1.63283e6,-4.09908e-9
1528748910,25797802.698002093,23346273.316061396,2451.529,4.01696e14,0.7766,-3.25646e6,1.62139e6,-4.07040e-9
1528748940,25779859.921272866,23347307.90657897,2432.552,4.01707e14,0.7794,-3.23339e6,1.60988e6,-4.04152e-9
1528748970,25761947.066573396,23348451.382436287,2413.496,3.97728e14,0.2188,-3.19415e6,1.59829e6,-4.01245e-9
1528749000,25744064.572258174,23349703.695414763,2394.361,3.99132e14,0.1334,-3.17644e6,1.58662e6,-3.98319e-9
1528749030,25726212.877688933,23351064.79273226,2375.148,4.00625e14,0.5079,-3.15885e6,1.57488e6,-3.95374e-9
1528749060,25708392.423192397,23352534.617001675,2355.858,4.02954e14,1.0921,-3.14429e6,1.56306e6,-3.92410e-9
1528749090,25690603.650077105,23354113.106285047,2336.491,4.09880e14,2.8298,-3.14735e6,1.55117e6,-3.89427e-9
1528749120,25672847.00061082,23355800.19408542,2317.047,4.00664e14,0.5177,-3.08747e6,1.53920e6,-3.86426e-9
1528749150,25655122.918007247,23357595.80935452,2297.527,3.94292e14,1.0809,-3.03890e6,1.52716e6,-3.83406e-9
1528749180,25637431.84641276,23359499.87650108,2277.932,3.91989e14,1.6587,-3.00604e6,1.51505e6,-3.80367e-9
1528749210,25619774.2308926,23361512.315399647,2258.262,3.96572e14,0.5090,-2.99916e6,1.50286e6,-3.77310e-9
1528749240,25602150.5174171,23363633.041399878,2238.517,4.01782e14,0.7982,-2.99421e6,1.49060e6,-3.74234e-9
1528749270,25584561.152847573,23365861.965336516,2218.699,4.02316e14,0.9323,-2.97143e6,1.47827e6,-3.71141e-9
1528749300,25567006.584921952,23368198.993539665,2198.808,4.02156e14,0.8920,-2.94591e6,1.46586e6,-3.68029e-9
1528749330,25549487.26223789,23370644.027849812,2178.843,3.96159e14,0.6125,-2.89897e6,1.45338e6,-3.64899e-9
1528749360,25532003.63424524,23373196.96561697,2158.807,3.96567e14,0.5100,-2.87543e6,1.44084e6,-3.61752e-9
1528749390,25514556.15122377,23375857.699724734,2138.698,3.94000e14,1.1541,-2.84105e6,1.42822e6,-3.58587e-9
1528749420,25497145.264270198,23378626.11859892,2118.519,3.95138e14,0.8687,-2.81986e6,1.41553e6,-3.55404e-9
1528749450,25479771.42528267,23381502.106220506,2098.269,3.93528e14,1.2727,-2.78879e6,1.40277e6,-3.52203e-9
1528749480,25462435.086944997,23384485.542139094,2077.950,3.96312e14,0.5742,-2.77301e6,1.38994e6,-3.48985e-9
1528749510,25445136.702710655,23387576.30148693,2057.560,4.01024e14,0.6080,-2.76359e6,1.37705e6,-3.45750e-9
1528749540,25427876.72678648,23390774.254993297,2037.102,3.92403e14,1.5547,-2.70806e6,1.36408e6,-3.42498e-9
1528749570,25410655.614116207,23394079.26899945,2016.576,3.93088e14,1.3830,-2.68452e6,1.35105e6,-3.39229e-9
